lng,lat
1.9679,36.2641
4.0459,36.7118
3.2500,34.6667
3.0420,36.7525
-0.6417,35.6911
3.4459,36.6008
2.2248,36.3055
3.5904,36.6347
3.0420,36.7525
3.4428,36.7547
3.7669,32.8265
4.4365,36.7305
-0.2856,27.8709
3.0420,36.7525
8.1242,35.4042
3.7173,36.7433
3.4772,36.7664
8.1242,35.4042
8.1242,35.4042
3.0420,36.7525
5.4812,36.6732
3.0000,36.5833
3.9004,36.7441
4.0459,36.7118
5.3658,35.3890
5.3339,36.6266
6.1786,35.5553
4.0459,36.7118
4.0459,36.7118
4.2494,36.1822
4.0459,36.7118
8.3000,35.2833
8.1242,35.4042
3.9004,36.7441
5.7280,34.8504
2.7500,36.2675
5.7667,36.8000
3.4772,36.7664
3.4772,36.7664
4.2049,36.5220
3.6947,36.6371
6.3146,34.8498
4.4200,36.8931
3.0445,36.4868
4.0886,35.9464
5.3421,31.9664
4.7750,36.0750
4.0459,36.7118
3.9014,36.3800
5.0833,36.7500
3.0420,36.7525
3.5933,36.5646
5.5999,36.7751
3.8316,36.7463
4.2622,36.3359
-0.3833,34.7000
5.0833,36.7500
5.9000,34.7500
3.7669,32.8265
5.5999,36.7751
3.3865,20.4163
-0.2856,27.8709
4.6750,36.6917
3.5912,36.6677
7.8439,36.7023
7.7426,36.7558
7.7755,36.6469
7.7511,36.6848
7.8745,36.8294
6.1230,36.8072
5.3421,31.9664
0.2310,29.2639
4.2860,36.5873
5.5228,22.7850
3.9241,36.6986
2.1456,35.9938
4.0654,36.8638
4.3383,36.4200
1.9679,36.2641
3.4772,36.7664
3.6036,36.7853
3.8316,36.7463
4.0000,36.5833
3.0420,36.7525
3.4071,36.6551
3.4772,36.7664
3.9014,36.3800
4.0459,36.7118
6.9500,33.2333
6.1786,35.5553
7.1433,35.4358
4.0459,36.7118
3.6828,36.5344
2.4475,36.5897
3.8749,36.7066
6.1572,36.7989
3.9622,36.7344
3.0420,36.7525
4.3167,36.1000
2.8289,36.4686
2.6003,35.9495
1.8111,35.6078
3.5933,36.5646
3.5833,36.5000
5.7280,34.8504
1.6529,36.1518
5.7208,34.8369
3.8065,36.6729
-0.6414,35.1939
3.7669,32.8265
6.6147,36.3650
-1.9833,31.2667
4.4114,36.6711
4.6620,36.8822
4.6763,36.7781
4.3167,36.1000
3.0420,36.7525
3.0420,36.7525
3.6947,36.6371
4.0654,36.8638
3.8065,36.6729
7.1433,35.4358
4.7750,36.0750
2.4262,36.4748
4.5833,36.6667
5.3060,36.5650
4.7750,36.0750
8.4161,36.7225
7.0311,34.8375
5.1290,36.6792
6.4323,36.7483
6.3956,35.8958
5.8167,35.6167
7.7368,36.8038
4.3722,36.7447
4.4200,36.8931
3.5933,36.5646
4.0828,36.6195
3.9131,36.9172
6.1786,35.5553
4.0459,36.7118
6.5242,34.9887
3.8749,36.7066
5.7667,36.8000
0.1397,35.3944
6.3511,35.2575
2.6886,36.3236
4.0459,36.7118
6.3511,35.2575
4.0459,36.7118
1.7058,36.5493
6.1786,35.5553
1.7058,36.5493
6.1786,35.5553
6.1786,35.5553
2.4475,36.5897
1.9679,36.2641
1.3345,36.1653
3.0420,36.7525
3.9004,36.7441
6.1786,35.5553
3.9004,36.7441
3.9004,36.7441
5.0833,36.7500
5.0833,36.7500
3.5933,36.5646
4.7750,36.0750
6.1786,35.5553
4.1198,36.8886
4.4365,36.7305
1.7058,36.5493
3.8749,36.7066
3.6828,36.7481
1.9679,36.2641
3.5933,36.5646
3.0420,36.7525
3.0420,36.7525
1.9679,36.2641
3.5833,36.5000
3.4772,36.7664
6.1786,35.5553
5.5228,22.7850
3.0420,36.7525
3.2500,34.6667
6.8632,33.3561
2.2166,35.4343
5.7667,36.8000
3.9997,36.8355
1.0139,33.6861
-2.1666,30.1344
7.7667,36.9000
3.4772,36.7664
4.0459,36.7118
3.0420,36.7525
1.0139,33.6861
5.9077,36.2232
5.3421,31.9664
3.9014,36.3800
5.0833,36.7500
3.0420,36.7525
5.7280,34.8504
3.0420,36.7525
5.7058,36.4119
3.0420,36.7525
1.3131,35.3758
5.7280,34.8504
5.7280,34.8504
5.0833,36.7500
-1.1452,35.3034
5.7058,36.4119
4.3722,36.7447
3.9004,36.7441
-0.6417,35.6911
6.6147,36.3650
2.7500,36.2675
2.7500,36.2675
4.3697,36.5342
5.0833,36.7500
3.4772,36.7664
-0.2856,27.8709
3.8567,36.8558
4.0459,36.7118
4.0459,36.7118
3.0420,36.7525
3.4333,36.4833
4.6810,36.6258
4.0459,36.7118
2.7500,36.2675
3.9131,36.9172
3.9131,36.9172
1.9679,36.2641
3.4772,36.7664
3.4772,36.7664
3.4772,36.7664
3.4772,36.7664
3.4772,36.7664
3.8884,36.6412
2.2431,36.4939
3.7666,35.8837
4.5419,35.7058
4.4365,36.7305
4.3116,36.7936
12.5500,-4.7666
12.1871,-5.5758
13.2344,-8.8383
12.6500,-6.7500
12.6500,-6.7500
12.1871,-5.5758
13.2344,-8.8383
13.2344,-8.8383
13.2344,-8.8383
13.2344,-8.8383
13.2344,-8.8383
12.1871,-5.5758
12.3666,-6.1333
23.4167,-19.9833
25.9086,-24.6945
29.8645,-2.8232
30.1125,-3.2664
30.1125,-3.2664
30.1125,-3.2664
29.9422,-4.1289
29.3993,-3.3581
29.2993,-3.2662
29.3333,-3.3333
29.3766,-3.3339
29.3580,-3.3772
29.4839,-3.3489
29.3993,-3.3581
29.3580,-3.3772
29.5855,-3.6664
29.3580,-3.3772
29.3993,-3.3581
29.3580,-3.3772
30.4588,-2.5238
29.3580,-3.3772
29.4082,-3.4148
29.3333,-3.3333
29.3910,-3.0804
30.4588,-2.5238
29.9422,-4.1289
29.3580,-3.3772
29.5317,-4.1443
29.1248,-2.8869
29.4839,-3.3489
29.6925,-3.3358
29.7033,-3.5113
30.1628,-3.1014
29.3580,-3.3772
30.4667,-2.5333
29.3910,-3.0804
30.2486,-3.4764
29.7223,-3.2305
29.6293,-2.9221
30.0950,-3.7269
30.2486,-3.4764
30.2486,-3.4764
29.3068,-3.1940
29.3068,-3.1940
29.4026,-3.1703
29.8306,-2.9075
29.9308,-3.4264
30.0706,-2.5314
30.3328,-2.5831
29.8306,-2.9075
29.7033,-3.5113
29.8306,-2.9075
29.4082,-3.4148
29.6667,-3.2500
30.2486,-3.4764
29.6667,-3.2500
29.6667,-3.2500
29.6667,-3.2500
29.7136,-3.8767
29.6667,-3.2500
29.3654,-3.3181
29.6667,-3.2500
29.6667,-3.2500
29.6667,-3.2500
29.6667,-3.2500
30.0119,-3.6604
30.2207,-2.8520
29.3991,-3.1111
30.2394,-2.8925
29.7033,-3.5113
29.7919,-3.7140
29.4026,-3.1703
29.6244,-3.9488
29.6830,-3.7666
29.3580,-3.3772
30.0959,-2.5845
8.5948,4.5663
13.6667,10.7500
9.9167,2.9500
8.5948,4.5663
14.3159,10.5909
8.5948,4.5663
9.7084,4.0469
11.9000,4.4500
9.7084,4.0469
9.7084,4.0469
8.5948,4.5663
8.5948,4.5663
8.5948,4.5663
8.5948,4.5663
8.5948,4.5663
8.5948,4.5663
8.5948,4.5663
11.5167,3.8667
8.5948,4.5663
20.5838,9.0057
20.5838,9.0057
21.4121,4.9802
20.5838,9.0057
22.7934,10.2730
18.5866,4.3620
17.6466,5.2662
17.6466,5.2662
20.6480,8.4120
26.4946,5.4039
18.2851,7.3010
18.2851,7.3010
26.4946,5.4039
18.2851,7.3010
18.5866,4.3620
18.5866,4.3620
20.6480,8.4120
18.2851,7.3010
22.7934,10.2730
18.6299,7.6976
26.5055,5.3757
18.5866,4.3620
22.7934,10.2730
22.7934,10.2730
20.7350,8.9706
20.7350,8.9706
20.6480,8.4120
22.7934,10.2730
22.7934,10.2730
26.5568,5.2928
26.7667,5.8500
26.5055,5.3757
26.6000,5.2212
26.5500,5.5833
25.9382,5.3096
25.9382,5.3096
26.9141,5.3247
26.4946,5.4039
25.9382,5.3096
25.9382,5.3096
25.9382,5.3096
16.3219,4.8996
26.9141,5.3247
21.7872,5.0952
26.6000,5.2212
26.4946,5.4039
23.9284,4.9708
26.4946,5.4039
26.4946,5.4039
22.7934,10.2730
26.4946,5.4039
26.4946,5.4039
26.4946,5.4039
25.5833,5.7000
25.5833,5.7000
25.5833,5.7000
26.4946,5.4039
25.5833,5.7000
26.4946,5.4039
26.4946,5.4039
26.4946,5.4039
26.4946,5.4039
26.4946,5.4039
26.4946,5.4039
26.4946,5.4039
26.4946,5.4039
26.4946,5.4039
26.4946,5.4039
18.6299,7.6976
26.4946,5.4039
26.4946,5.4039
25.9382,5.3096
26.4946,5.4039
26.4946,5.4039
26.6000,5.2212
26.6000,5.2212
15.5930,5.9312
26.6000,5.2212
26.6000,5.2212
25.3131,6.0430
26.4946,5.4039
26.4946,5.4039
26.4946,5.4039
26.4946,5.4039
25.3131,6.0430
25.3131,6.0430
23.9284,4.9708
23.9284,4.9708
25.3131,6.0430
25.3131,6.0430
20.6480,8.4120
20.6480,8.4120
20.6480,8.4120
23.2877,8.5241
23.2877,8.5241
26.4946,5.4039
26.4946,5.4039
25.3131,6.0430
15.0482,12.1085
22.2000,13.4667
22.4167,14.2167
20.7000,13.5000
21.4167,12.2167
20.4830,12.7670
20.5670,13.1830
20.4830,12.7670
21.6833,12.0000
21.9000,12.6667
16.0833,8.5667
21.9000,12.6667
22.2000,13.4667
21.6000,13.6667
20.5500,13.9500
21.8167,13.5833
20.8166,13.8166
21.7667,14.5333
21.9000,12.6667
21.9333,13.8667
21.8000,13.8333
21.8000,13.8333
21.4167,12.2167
15.2800,-4.2600
15.2800,-4.2600
15.2800,-4.2600
15.2800,-4.2600
15.2800,-4.2600
15.2800,-4.2600
17.7000,-0.5000
15.0113,-4.2816
15.2800,-4.2600
29.5000,4.1667
29.5000,4.1667
27.2000,4.7000
29.5000,4.1667
28.5667,3.6167
29.5000,4.1667
29.5000,4.1667
29.5000,4.1667
27.3500,3.8500
29.5000,4.1667
25.1896,0.5147
29.5000,4.1667
27.2000,4.7000
29.5000,4.1667
27.2000,4.7000
27.2000,4.7000
29.5000,4.1667
29.5000,4.1667
29.7088,3.7352
28.7667,2.7833
29.5000,4.1667
28.3667,-4.6000
29.7000,3.4600
29.5000,4.1667
27.0610,4.1215
29.7088,3.7352
29.5000,4.1667
27.8997,4.1416
28.6166,4.3500
29.1333,3.6833
28.1330,4.0667
28.4167,4.1500
29.7088,3.7352
29.5000,4.1667
28.1330,4.0667
27.8997,4.1416
29.5000,4.1667
27.7667,4.3300
27.4000,4.0167
27.8997,4.1416
28.6166,4.3500
29.1333,3.6833
29.5833,3.4000
28.4167,4.1500
29.5000,4.1667
29.5000,4.1667
27.7667,4.3300
29.5000,4.1667
28.7667,2.7833
29.5000,4.1667
25.1800,3.4200
29.7088,3.7352
28.7667,2.7833
29.5000,4.1667
28.7667,2.7833
29.5000,4.1667
29.5000,4.1667
28.7667,2.7833
29.5000,4.1667
29.5000,4.1667
29.5000,4.1667
29.5000,4.1667
29.2758,-1.2108
30.2246,3.8643
29.5000,4.1667
28.7315,0.5842
29.5000,4.1667
28.8000,-3.7400
29.2339,-1.6933
28.8667,-2.5000
29.2339,-1.6933
29.7000,3.4600
29.5000,4.1667
28.8667,-2.5000
29.2339,-1.6933
29.5000,4.1667
28.8167,-1.4000
28.4800,-1.5800
28.8167,-1.4000
28.8167,-1.4000
29.5000,4.1667
29.4489,-1.1842
29.4489,-1.1842
29.4489,-1.1842
29.4489,-1.1842
28.3769,-1.2644
28.3769,-1.2644
29.0667,-1.4833
29.5630,-1.1982
29.5630,-1.1982
29.1333,-0.4167
29.2386,-0.1587
28.8167,-1.4000
28.8167,-1.4000
28.8167,-1.4000
28.8167,-1.4000
28.8133,-1.3989
29.4489,-1.1842
29.4489,-1.1842
29.4489,-1.1842
29.4489,-1.1842
29.5000,4.1667
27.5000,0.2000
27.5000,0.2000
28.8167,-1.4000
28.0726,-1.4281
28.8167,-1.4000
28.8167,-1.4000
28.0726,-1.4281
28.0726,-1.4281
28.8167,-1.4000
28.8167,-1.4000
29.5000,4.1667
27.5000,0.2000
28.7667,2.7833
29.5000,4.1667
28.8667,-2.5000
29.2339,-1.6933
29.5000,4.1667
26.9600,-4.7600
27.5000,0.2000
28.8167,-1.4000
29.4461,-1.1869
27.5000,0.2000
29.2386,-0.1587
29.2386,-0.1587
27.3500,3.8500
27.6756,4.7217
27.3500,3.8500
28.7315,0.5842
28.9889,-1.0560
28.9889,-1.0560
26.0600,-5.6600
28.8167,-1.4000
28.8167,-1.4000
27.8997,4.1416
27.6756,4.7217
27.6756,4.7217
27.3465,-2.6944
27.3465,-2.6944
28.7500,4.2333
29.5000,4.1667
30.2246,3.8643
30.2246,3.8643
29.2339,-1.6933
28.6858,-1.3192
28.5667,3.6167
28.8667,-2.5000
29.2228,-1.6792
29.2228,-1.6792
28.7369,-1.1995
28.7369,-1.1995
28.5167,-2.0167
28.5167,-2.0167
29.2228,-1.6792
29.2228,-1.6792
29.2228,-1.6792
29.2228,-1.6792
28.0922,-1.3488
28.0922,-1.3488
28.8667,-2.5000
29.4654,0.4966
29.5000,4.1667
28.8667,-2.5000
28.0726,-1.4281
28.0726,-1.4281
28.0726,-1.4281
28.0726,-1.4281
28.6992,-0.9525
28.8667,-2.5000
28.6858,-1.3192
28.6858,-1.3192
29.2228,-1.6792
29.2228,-1.6792
28.9047,-2.0970
28.8667,-2.5000
28.6992,-0.9525
29.5000,4.1667
28.8667,-2.5000
28.0726,-1.4281
28.0726,-1.4281
28.6992,-0.9525
28.9167,-2.1000
28.8667,-2.5000
28.7409,-1.2756
28.7409,-1.2756
28.0990,-1.4758
29.2339,-1.6933
28.9754,-1.9104
28.5667,3.6167
28.9047,-2.0970
29.1731,-0.7006
30.2246,3.8643
18.6500,-5.4167
28.9167,-2.1000
29.0212,-1.7077
29.2339,-1.6933
29.2339,-1.6933
14.8667,-5.2500
28.8667,-2.5000
29.4000,-0.7000
27.4000,2.5500
27.6756,4.7217
27.6756,4.7217
28.7500,4.2333
28.8667,-2.5000
29.2161,4.2097
29.2161,4.2097
29.2161,4.2097
28.8667,-2.5000
29.2339,-1.6933
28.8667,-2.5000
29.2339,-1.6933
29.5000,4.1667
25.1896,0.5147
27.3465,-2.6944
16.5000,-2.0833
29.2386,-0.1587
28.8167,-1.4000
27.4000,2.5500
29.2339,-1.6933
29.2339,-1.6933
25.1896,0.5147
29.2339,-1.6933
25.1896,0.5147
24.0000,0.6833
29.2386,-0.1587
28.8167,-1.4000
30.2500,1.5667
30.2500,1.5667
30.2976,1.4305
30.1770,1.2072
29.5160,3.7500
28.8202,-2.4680
27.1300,-1.7100
30.2600,3.9100
27.2000,4.7000
28.9441,-4.3011
28.9047,-2.0970
27.6756,4.7217
28.9441,-4.3011
28.9441,-4.3011
28.8069,-0.9534
29.4461,-1.1869
28.9441,-4.3011
28.9441,-4.3011
28.9441,-4.3011
29.1378,-3.3953
29.1378,-3.3953
29.8447,1.4382
29.1378,-3.3953
27.0674,4.1708
30.2500,1.5667
29.8447,1.4382
27.0674,4.1708
29.8447,1.4382
29.2942,-0.2961
29.2386,-0.1587
28.0726,-1.4281
30.2500,1.5667
29.8447,1.4382
29.2339,-1.6933
28.0726,-1.4281
15.3222,-4.3250
29.2339,-1.6933
28.0726,-1.4281
28.0726,-1.4281
27.4000,2.5500
30.2246,3.8643
28.0726,-1.4281
30.2500,1.5667
30.4333,1.6667
29.1130,-0.6147
29.0212,-1.7077
26.4667,3.8833
28.8667,-2.5000
29.0781,-0.4074
28.0990,-1.4758
29.1731,-0.7006
29.1725,-0.6093
29.2925,-1.0906
27.3167,-11.5500
28.0726,-1.4281
27.0674,4.1708
30.4333,1.6667
29.0781,-0.4074
28.0990,-1.4758
29.1731,-0.7006
29.1725,-0.6093
29.2925,-1.0906
27.3167,-11.5500
29.1731,-0.7006
30.4333,1.6667
29.2339,-1.6933
29.1731,-0.7006
29.1130,-0.6147
30.4333,1.6667
29.8447,1.4382
29.2912,0.1416
27.6756,4.7217
29.8447,1.4382
28.1004,-3.3011
28.5667,3.6167
29.1333,3.6833
30.2246,3.8643
27.6756,4.7217
29.1731,-0.7006
29.2339,-1.6933
30.2246,3.8643
27.6756,4.7217
27.4000,2.5500
27.2494,4.6287
27.6756,4.7217
29.2386,-0.1587
28.6464,-2.0872
29.1167,-0.7833
29.1731,-0.7006
29.1731,-0.7006
29.0781,-0.4074
27.8997,4.1416
27.6756,4.7217
28.8742,3.6927
28.5906,1.7153
28.0726,-1.4281
27.6756,4.7217
28.8742,3.6927
29.5333,3.0500
29.4461,-1.1869
27.8997,4.1416
29.4461,-1.1869
29.5333,3.0500
28.0726,-1.4281
30.2500,1.5667
29.6237,-0.7369
28.8167,-1.4000
29.5730,-0.3675
29.5730,-0.3675
28.9889,-1.0560
28.8667,-2.5000
28.8667,-2.5000
29.0212,-1.7077
28.5667,3.6167
30.0788,1.1857
28.5667,3.6167
28.5667,3.6167
26.4667,3.8833
28.6333,-2.1667
28.6333,-2.1667
29.2386,-0.1587
29.7088,3.7352
29.5000,4.1667
26.4667,3.8833
26.4667,3.8833
26.4667,3.8833
26.4667,3.8833
26.4667,3.8833
26.4667,3.8833
26.4667,3.8833
26.4667,3.8833
26.4667,3.8833
26.4667,3.8833
26.4667,3.8833
26.4667,3.8833
28.5667,3.6167
26.4667,3.8833
29.7088,3.7352
29.7088,3.7352
28.7409,-1.2756
28.7409,-1.2756
28.7409,-1.2756
26.4667,3.8833
28.6731,-0.9842
28.7409,-1.2756
29.3833,-0.6833
29.3833,-0.6833
29.2386,-0.1587
19.7167,2.3667
26.4667,3.8833
28.8742,3.6927
28.8742,3.6927
30.0333,1.4333
30.2080,1.5369
30.2246,3.8643
30.0333,1.4333
30.2080,1.5369
27.6756,4.7217
27.6756,4.7217
30.0333,1.4333
30.2080,1.5369
29.2339,-1.6933
29.2339,-1.6933
30.0333,1.4333
30.2080,1.5369
30.2500,1.5667
30.2246,3.8643
30.0333,1.4333
30.2080,1.5369
30.2500,1.5667
30.2246,3.8643
30.0333,1.4333
30.2080,1.5369
29.1731,-0.7006
29.1731,-0.7006
25.8471,4.0296
26.4667,3.8833
26.4667,3.8833
23.6667,3.8167
29.2000,0.3000
26.4667,3.8833
26.4667,3.8833
26.4667,3.8833
28.8314,-2.2250
26.4667,3.8833
29.2339,-1.6933
28.8667,-2.5000
28.8202,-2.4680
25.1896,0.5147
29.1378,-3.3953
29.1378,-3.3953
30.2246,3.8643
29.7088,3.7352
24.7333,2.8000
15.3222,-4.3250
24.7333,2.8000
29.7088,3.7352
29.7088,3.7352
30.2246,3.8643
26.4667,3.8833
29.7088,3.7352
30.2246,3.8643
29.2339,-1.6933
28.6992,-0.9525
29.4461,-1.1869
24.7333,2.8000
28.0214,-2.6492
28.8167,-1.4000
29.5500,0.7167
28.7833,-4.9500
28.7833,-4.9500
30.2500,1.5667
28.7833,-4.9500
29.2339,-1.6933
28.7833,-4.9500
24.9667,-2.9666
29.2386,-0.1587
29.2386,-0.1587
29.2912,0.1416
28.5428,-2.4884
28.9833,-2.8667
29.2912,0.1416
28.1004,-3.3011
28.5428,-2.4884
29.2912,0.1416
29.2386,-0.1587
28.1004,-3.3011
27.7977,-12.1975
29.2339,-1.6933
27.7977,-12.1975
27.6756,4.7217
27.6756,4.7217
27.6756,4.7217
29.2339,-1.6933
28.8667,-2.5000
29.5020,3.3280
22.5333,-6.3000
29.5020,3.3280
29.5020,3.3280
29.7088,3.7352
29.5020,3.3280
22.5333,-6.3000
28.1004,-3.3011
28.4500,-2.8666
29.0667,-3.3333
26.8333,3.6500
13.0667,-5.7000
13.0667,-5.7000
28.9000,-2.8300
31.0500,2.0500
28.0726,-1.4281
29.1378,-3.3953
28.1004,-3.3011
29.2339,-1.6933
28.0726,-1.4281
27.8997,4.1416
28.8167,-1.4000
27.8997,4.1416
28.8167,-1.4000
27.8997,4.1416
29.2339,-1.6933
27.8997,4.1416
30.2500,1.5667
28.0726,-1.4281
29.1378,-3.3953
28.8667,-2.5000
28.8667,-2.5000
28.8667,-2.5000
27.0833,-4.0833
30.4711,1.2365
30.1770,1.2072
15.3222,-4.3250
27.7977,-12.1975
28.8667,-2.5000
28.8667,-2.5000
29.2339,-1.6933
26.4667,3.8833
27.6756,4.7217
28.8667,-2.5000
29.2339,-1.6933
27.8997,4.1416
28.1330,4.0667
27.2000,4.7000
15.3222,-4.3250
27.8997,4.1416
27.8997,4.1416
27.8997,4.1416
27.8997,4.1416
27.8997,4.1416
27.2000,4.7000
27.8997,4.1416
27.8997,4.1416
29.2339,-1.6933
27.8997,4.1416
27.8997,4.1416
27.7667,4.3300
29.5000,4.1667
27.8997,4.1416
27.6756,4.7217
27.6756,4.7217
30.2500,1.5667
28.0726,-1.4281
26.4667,3.8833
26.4667,3.8833
26.4667,3.8833
30.2500,1.5667
27.7667,4.3300
27.7667,4.3300
28.7325,-4.5133
28.1167,-4.0000
25.0500,-5.0666
28.7325,-4.5133
28.1167,-4.0000
25.0500,-5.0666
27.8997,4.1416
27.8997,4.1416
27.8997,4.1416
28.8667,-2.5000
27.7667,4.3300
26.4333,4.2500
27.9167,3.4000
27.9167,3.4000
27.7667,4.3300
27.9167,3.4000
27.8997,4.1416
27.8997,4.1416
27.8997,4.1416
29.2339,-1.6933
30.2976,1.4305
30.2976,1.4305
29.7088,3.7352
30.4833,1.6500
28.8167,-1.4000
28.0726,-1.4281
30.2976,1.4305
28.8667,-2.5000
28.8667,-2.5000
26.4667,3.8833
27.6756,4.7217
27.6756,4.7217
27.7667,4.3300
29.4654,0.4966
29.2339,-1.6933
29.2339,-1.6933
27.1333,-2.9333
30.9918,2.2999
25.1896,0.5147
29.4461,-1.1869
28.5667,3.6167
28.5245,-1.4614
29.2339,-1.6933
26.0000,-9.0000
29.4461,-1.1869
29.4461,-1.1869
28.8667,-2.5000
29.5500,0.4333
18.4000,2.7167
18.4000,2.7167
29.0167,-0.6000
29.2339,-1.6933
29.0167,-0.6000
26.4667,3.8833
18.4000,2.7167
18.4000,2.7167
30.0487,3.8208
30.2500,1.5667
29.7088,3.7352
27.8997,4.1416
15.3222,-4.3250
18.4000,2.7167
28.2553,3.8317
30.2500,1.5667
29.1000,-3.7833
18.4000,2.7167
26.8963,3.1577
25.1896,0.5147
18.4000,2.7167
18.4000,2.7167
29.7088,3.7352
29.7088,3.7352
25.1896,0.5147
29.4461,-1.1869
29.4461,-1.1869
25.1896,0.5147
29.5833,2.0500
29.4461,-1.1869
18.4000,2.7167
28.5667,3.6167
25.1896,0.5147
28.8167,-1.4000
18.4000,2.7167
25.9224,-2.9437
27.8997,4.1416
18.4000,2.7167
18.4000,2.7167
26.4667,3.8833
27.7667,4.3300
28.5667,3.6167
28.5667,3.6167
28.0726,-1.4281
27.8997,4.1416
18.9500,3.7833
19.1675,2.9525
19.3614,2.9658
29.0414,-3.1831
27.3465,-2.6944
28.8667,-2.5000
18.9500,3.7833
19.1675,2.9525
19.3614,2.9658
28.8667,-2.5000
29.1378,-3.3953
28.8667,-2.5000
30.2500,1.5667
28.5667,3.6167
28.5667,3.6167
28.8667,-2.5000
27.6167,2.7667
28.8667,-2.5000
28.0726,-1.4281
19.1675,2.9525
19.3614,2.9658
29.2339,-1.6933
18.4000,2.7167
18.2711,0.0468
29.5667,1.3500
29.5667,1.3500
29.5667,1.3500
27.4833,3.5167
18.4000,2.7167
29.2339,-1.6933
29.2339,-1.6933
29.2339,-1.6933
30.2500,1.5667
28.5833,-1.3666
29.5667,1.3500
29.5667,1.3500
27.8997,4.1416
29.5667,1.3500
27.4833,3.5167
27.6667,3.4167
28.8667,-2.5000
29.2386,-0.1587
28.8167,-1.4000
28.0726,-1.4281
29.2339,-1.6933
30.2500,1.5667
29.5667,1.3500
29.5667,1.3500
29.5667,1.3500
29.5667,1.3500
29.2339,-1.6933
30.2500,1.5667
29.5667,1.3500
29.5667,1.3500
28.8167,-1.4000
29.5667,1.3500
30.2500,1.5667
29.5667,1.3500
29.5667,1.3500
28.8167,-1.4000
30.2500,1.5667
27.4000,2.5500
26.4667,3.8833
26.4667,3.8833
28.6167,4.0500
28.8742,3.6927
27.8997,4.1416
28.8742,3.6927
18.4000,2.1500
2.4333,6.3500
2.4333,6.3500
8.7789,3.7531
8.7789,3.7531
8.7789,3.7531
8.7789,3.7531
8.7789,3.7531
8.7789,3.7531
43.4922,6.5061
45.0000,8.0000
45.3408,6.9744
42.3000,8.1333
42.3000,8.1333
42.3000,8.1333
42.3000,8.1333
42.3000,8.1333
44.7319,5.2436
44.7319,5.2436
42.8500,5.6000
42.8000,9.3500
42.8000,9.3500
38.8333,14.1667
38.7000,9.0333
38.7000,9.0333
37.9333,14.4000
39.9167,8.9000
38.2167,6.9333
40.0000,11.5000
39.6333,12.0167
44.7319,5.2436
38.4667,7.0500
43.5572,8.2206
42.8000,9.3500
44.2781,6.7400
44.3406,6.6153
45.3667,8.1000
39.0000,8.0000
44.7319,5.2436
39.6333,11.1333
45.0000,8.0000
41.5000,9.5000
40.5167,8.8667
42.8000,9.3500
45.3408,6.9744
40.6400,8.7200
40.7833,8.1667
41.8667,9.5833
45.0000,8.0000
40.7833,8.1667
38.9667,8.8500
42.0589,4.1786
37.3667,10.5333
41.5000,9.5000
42.1167,9.3167
42.2330,8.5000
38.6333,9.9333
40.7833,8.1667
40.2000,7.0833
40.2000,7.0833
38.9667,8.8500
42.8000,9.3500
42.3333,9.2167
42.0589,4.1786
44.3406,6.6153
42.4528,10.6658
42.8000,9.3500
43.5000,6.5167
42.8000,9.3500
42.1333,9.3000
41.8447,9.6881
44.3406,6.6153
43.1617,8.8697
39.7667,9.1833
42.8000,9.3500
39.9167,8.9000
44.7636,6.0917
42.8000,9.3500
43.7706,5.3747
42.8000,9.3500
42.8000,9.3500
39.9833,11.4333
39.0167,8.6667
40.7833,8.1667
43.6436,6.7417
44.7636,6.0917
41.5575,8.7272
38.7000,9.0333
44.3406,6.6153
43.5667,8.2167
42.3333,9.2167
41.1667,9.0833
35.0500,9.0333
43.1617,8.8697
42.8000,9.3500
40.2000,7.6667
42.2333,7.4500
42.8000,9.3500
42.8000,9.3500
42.8000,9.3500
42.8000,9.3500
42.8000,9.3500
43.9167,7.3667
42.2333,7.4500
42.8000,9.3500
42.8000,9.3500
43.9167,7.3667
42.8000,9.3500
42.8000,9.3500
42.3000,8.1333
44.2781,6.7400
38.9333,15.3333
37.0747,15.1816
40.1141,15.6597
40.1141,15.6597
38.9333,15.3333
37.8667,14.8833
39.4500,15.6097
38.9333,15.3333
42.4814,12.4056
42.6606,11.8469
42.9833,12.5000
42.8900,12.1861
43.2906,11.9631
43.2906,11.9631
9.4544,0.3901
9.4544,0.3901
8.7833,-0.7167
9.4544,0.3901
8.7833,-0.7167
8.7833,-0.7167
8.7833,-0.7167
8.7833,-0.7167
-16.0612,13.2010
-16.6781,13.4383
-16.5775,13.4531
-0.2500,11.0500
-0.2500,11.0500
0.3667,9.2833
-1.6333,6.4667
-1.6333,6.4667
-0.1969,5.5560
-2.3333,6.4667
-1.6219,6.6962
-0.1969,5.5560
-0.2500,11.0500
-0.2500,11.0500
-2.5833,7.4500
-0.2500,11.0500
-0.1969,5.5560
-1.6333,6.3167
-2.3333,7.3333
-0.5166,6.4000
-13.7122,9.5091
-13.7122,9.5091
-13.7122,9.5091
-13.7122,9.5091
-13.7122,9.5091
-13.7122,9.5091
-13.7122,9.5091
-13.7122,9.5091
-13.7122,9.5091
-13.7122,9.5091
-13.7122,9.5091
-13.7122,9.5091
-13.7122,9.5091
-13.7122,9.5091
-13.7122,9.5091
-13.8800,11.2000
-13.7122,9.5091
-9.3057,10.3854
-12.8500,10.0700
-13.7122,9.5091
-13.7122,9.5091
-13.7122,9.5091
-13.7122,9.5091
-14.6000,10.6667
-14.6000,10.6667
-14.6000,10.6700
-13.7122,9.5091
-13.7122,9.5091
-12.2833,11.3182
-13.7122,9.5091
-13.7122,9.5091
-13.7122,9.5091
-13.7122,9.5091
-10.0500,11.8200
-13.7122,9.5091
-11.9500,11.7000
-13.7122,9.5091
-13.7122,9.5091
-13.7122,9.5091
-7.5475,7.4053
-5.1167,8.4333
-4.0281,5.3411
-4.0281,5.3411
-4.0281,5.3411
39.6667,-4.0500
36.8167,-1.2833
37.5833,0.3500
37.5833,0.3500
36.8167,-1.2833
36.8167,-1.2833
37.5822,0.3546
36.9763,0.6251
34.6333,0.0333
36.9000,-1.0500
37.5822,0.3546
34.7500,0.2833
36.8333,-1.1667
37.6500,0.0500
39.6667,-4.0500
38.0333,2.1000
40.0333,-1.5036
40.1200,-3.2200
33.9385,-0.8827
33.9385,-0.8827
39.6667,-4.0500
36.8167,-1.2833
36.8167,-1.2833
34.7667,-0.6833
36.8167,-1.2833
36.8167,-1.2833
36.8167,-1.2833
37.0833,-1.0500
36.8167,-1.2833
36.8167,-1.2833
36.8167,-1.2833
36.8167,-1.2833
36.8167,-1.2833
38.7333,1.1167
38.7333,1.1167
36.0833,-0.3000
36.7891,-1.3117
37.1251,-0.4817
37.1251,-0.4817
36.7891,-1.3117
36.3667,0.0333
34.8667,3.7167
34.8667,3.7167
34.8667,3.7167
37.0833,-1.0500
36.9614,-1.4761
36.8167,-1.2833
36.7517,-1.2828
36.9129,-1.2775
36.4285,-0.7202
37.5822,0.3546
37.5822,0.3546
37.5833,0.3500
37.5833,0.3500
37.5833,0.3500
37.5833,0.3500
37.5833,0.3500
37.5833,0.3500
37.5833,0.3500
36.8402,-1.2716
39.3700,3.2800
39.3700,3.2800
37.5822,0.3546
37.5822,0.3546
41.8542,3.9357
35.9333,4.5333
37.1000,-0.9667
34.7500,-0.1000
35.5000,3.0000
34.3500,4.2000
34.3500,4.2000
34.3500,4.2000
37.0667,3.3167
34.3333,4.2000
34.3333,4.2000
37.0667,3.3167
37.0667,3.3167
35.5000,3.0000
35.5000,3.0000
33.9385,-0.8827
37.3833,-2.7500
37.8000,1.6000
34.4500,-1.1667
38.3333,-3.5000
36.8399,-1.3085
36.7500,0.4167
36.7500,0.4167
35.9833,0.4667
35.9833,0.4667
35.2833,0.5167
35.2500,1.4167
35.4667,1.7667
36.9137,-1.2065
36.9137,-1.2065
35.4333,0.2167
33.9385,-0.8827
34.2837,4.4051
34.3500,4.2000
36.7167,-1.2167
34.3500,4.2000
34.2837,4.4051
34.2837,4.4051
39.6833,-4.0333
35.6333,1.1333
34.2837,4.4051
34.2837,4.4051
37.1251,-0.4817
38.7333,1.1167
37.7833,0.2000
37.3000,-0.1667
37.5822,0.3546
38.6667,1.0667
35.2833,0.5167
36.7891,-1.3117
36.8167,-1.2833
35.5575,0.9805
36.8500,-1.6667
36.9001,-1.2501
36.8608,-1.2614
36.8167,-1.2833
35.2833,-0.6000
35.5000,3.0000
37.2167,-1.9500
37.5833,0.3500
37.5833,0.3500
39.6667,-4.0500
39.7833,-3.9000
36.3667,0.0333
35.5000,3.0000
41.8542,3.9357
39.6461,-0.4536
39.7833,-3.9000
35.8601,-1.0783
39.6833,-4.0333
39.6833,-4.0333
40.0600,1.7500
40.0600,1.7500
36.8167,-1.2833
38.5200,0.5333
37.2167,-1.9500
37.2167,-1.9500
37.2167,-1.9500
37.2167,-1.9500
27.4833,-29.3167
27.4833,-29.3167
-9.4700,7.0000
-9.4700,7.0000
-10.8000,6.3100
-10.0466,5.8808
-10.7178,6.2756
-10.8000,6.3100
-10.3514,6.5319
-10.3514,6.5319
-10.8000,6.3100
20.1293,32.1177
13.1800,32.8925
20.1293,32.1177
20.1293,32.1177
20.1293,32.1177
20.1293,32.1177
46.5667,-19.2333
47.5167,-18.9386
47.5167,-18.9386
47.5167,-18.9386
47.5167,-18.9386
47.5167,-18.9386
47.5167,-18.9386
47.5167,-18.9386
47.5167,-18.9386
49.3833,-18.1667
47.5167,-18.9386
47.5167,-18.9386
49.3833,-18.1667
43.6700,-23.3528
47.5167,-18.9386
47.5167,-18.9386
47.5167,-18.9386
47.5167,-18.9386
47.5167,-18.9386
47.5167,-18.9386
47.5167,-18.9386
47.5167,-18.9386
47.5167,-18.9386
47.5167,-18.9386
47.5167,-18.9386
47.5167,-18.9386
47.5167,-18.9386
47.5167,-18.9386
47.5167,-18.9386
47.5167,-18.9386
47.5167,-18.9386
47.5167,-18.9386
43.6700,-23.3528
47.5167,-18.9386
47.5167,-18.9386
43.6700,-23.3528
47.5167,-18.9386
47.5167,-18.9386
47.5167,-18.9386
47.5167,-18.9386
47.5167,-18.9386
47.5167,-18.9386
47.5167,-18.9386
47.5167,-18.9386
47.1500,-21.2500
47.5167,-18.9386
47.5167,-18.9386
47.2500,-20.5167
47.5167,-18.9386
47.2500,-20.5167
47.5167,-18.9386
47.2500,-20.5167
47.8333,-19.3000
47.5167,-18.9386
47.5167,-18.9386
47.5167,-18.9386
47.5167,-18.9386
47.5167,-18.9386
47.5167,-18.9386
47.5167,-18.9386
47.5167,-18.9386
47.5167,-18.9386
47.5167,-18.9386
47.5167,-18.9386
47.5167,-18.9386
47.5167,-18.9386
47.5167,-18.9386
47.5167,-18.9386
47.5167,-18.9386
47.5167,-18.9386
47.5167,-18.9386
47.5167,-18.9386
47.5167,-18.9386
47.5167,-18.9386
47.5167,-18.9386
47.5167,-18.9386
47.5333,-18.9000
47.5167,-18.9386
47.5167,-18.9386
47.5167,-18.9386
47.5167,-18.9386
47.5167,-18.9386
47.5167,-18.9386
47.5167,-18.9386
47.5167,-18.9386
47.2500,-20.5167
47.5167,-18.9386
47.5167,-18.9386
47.5167,-18.9386
47.5167,-18.9386
47.5167,-18.9386
47.5167,-18.9386
47.5167,-18.9386
47.5167,-18.9386
47.5167,-18.9386
47.5167,-18.9386
47.5167,-18.9386
47.5167,-18.9386
47.5167,-18.9386
47.5167,-18.9386
47.5167,-18.9386
47.5167,-18.9386
47.5167,-18.9386
35.5000,-16.0333
32.8802,-13.7984
35.0200,-15.7524
33.5833,-11.4500
0.4517,19.9247
2.4022,15.9182
2.2631,20.0136
2.2631,20.0136
0.9599,15.4747
-9.4833,13.0500
2.8575,19.9625
2.0000,20.0000
2.4022,15.9182
2.2631,20.0136
-16.0406,18.1194
-16.0406,18.1194
-16.0406,18.1194
-16.0406,18.1194
-16.0406,18.1194
-16.0406,18.1194
-16.0406,18.1194
-12.4521,22.7187
-17.0400,20.9000
-9.3653,15.8172
-13.1880,27.1418
-13.1880,27.1418
-13.1880,27.1418
-6.8326,34.0133
-6.8326,34.0133
-7.6192,33.5928
-5.8137,35.7806
40.6728,-14.5428
39.9086,-16.2325
39.7164,-16.4772
39.9806,-15.9286
39.9806,-15.9286
34.8389,-19.8436
39.2647,-15.1197
39.2647,-15.1197
32.5892,-25.9653
40.6728,-14.5428
40.6728,-14.5428
39.2647,-15.1197
34.3906,-17.9644
40.2775,-12.5506
32.5892,-25.9653
35.2978,-13.9078
34.3456,-14.4242
35.7700,-16.0986
35.7700,-16.0986
34.5058,-15.0289
32.9833,-24.5333
39.2647,-15.1197
34.8389,-19.8436
40.6728,-14.5428
39.2647,-15.1197
39.9086,-16.2325
40.6728,-14.5428
32.7078,-15.5844
32.8072,-25.4022
40.6664,-15.0106
39.9203,-14.3703
39.8467,-14.9925
40.7333,-15.0367
40.7333,-15.0367
34.8389,-19.8436
35.3378,-23.0967
38.5697,-13.3475
32.4492,-23.4639
39.2647,-15.1197
32.7078,-15.5844
34.8389,-19.8436
40.6728,-14.5428
39.2647,-15.1197
33.5867,-16.1564
39.8550,-12.9767
39.8550,-12.9767
32.6344,-25.9244
18.1333,-26.5833
15.2328,-26.7039
16.4333,-28.5500
16.9833,-24.8333
17.0836,-22.5700
17.0836,-22.5700
15.0833,-18.0000
15.0833,-18.0000
17.0836,-22.5700
7.9900,16.9700
2.1200,13.5200
7.9900,16.9700
2.1200,13.5200
3.1937,13.0490
2.1200,13.5200
2.1200,13.5200
2.1200,13.5200
5.2437,14.4605
2.1200,13.5200
2.1200,13.5200
2.1200,13.5200
1.4531,14.2117
4.7800,15.6200
4.7800,15.6200
4.7800,15.6200
6.0789,4.8047
3.8964,7.3878
7.2667,6.0241
8.8921,9.9285
7.4383,10.5222
6.9660,4.7373
6.9853,4.8104
7.0134,4.7774
6.9853,4.8104
6.1526,5.8467
7.0134,4.7774
7.1681,4.4522
7.1681,4.4522
7.1681,4.4522
5.2215,7.6210
7.6539,6.3267
7.0134,4.7774
5.5076,5.3509
8.8921,9.9285
4.1667,7.9833
8.5167,8.4833
8.9699,6.6784
6.7430,7.8024
7.9209,4.6412
7.9209,4.6412
6.4003,4.5394
6.0074,5.4899
9.8433,10.3134
6.0789,4.8047
9.8433,10.3134
9.8433,10.3134
6.9155,4.4546
5.9708,4.5780
6.2772,4.3114
7.1681,4.4522
7.0134,4.7774
7.0134,4.7774
7.0134,4.7774
6.2642,4.9247
3.3592,6.4456
6.7430,7.8024
3.8964,7.3878
6.7339,6.2006
8.3904,9.6078
6.4003,4.5394
5.6556,5.5267
6.1620,5.7550
6.2642,4.9247
6.2538,7.5456
9.7349,12.4754
9.7122,12.2393
5.2215,7.6210
7.1681,4.4522
9.9833,7.2667
13.1603,11.8464
6.2642,4.9247
6.2642,4.9247
6.4003,4.5394
7.4383,10.5222
7.1526,4.7244
6.7677,4.7461
6.9660,4.7373
6.0074,5.4899
5.2215,7.6210
6.8268,4.8143
7.1681,4.4522
9.9833,7.2667
7.9266,5.0333
7.0134,4.7774
7.0134,4.7774
3.9667,7.1000
5.4482,5.3991
5.4482,5.3991
5.4482,5.3991
5.7346,5.4832
5.3922,5.6222
6.7339,6.2006
6.3043,7.0549
6.7339,6.2006
6.7339,6.2006
5.1792,5.5801
6.7339,6.2006
9.8433,10.3134
9.8433,10.3134
6.7339,6.2006
5.7346,5.4832
5.7346,5.4832
5.3922,5.6222
7.7252,11.1132
6.7339,6.2006
5.7801,5.0556
6.0789,4.8047
6.2196,6.2065
6.2998,5.1738
7.0319,5.0072
6.9888,4.7385
6.8635,4.7341
6.0789,4.8047
8.7000,9.2000
4.2000,8.0500
10.0444,12.4498
6.7500,6.1833
13.1603,11.8464
6.0789,4.8047
5.2215,7.6210
8.5167,12.0001
5.2215,7.6210
6.0789,4.8047
6.0789,4.8047
5.7362,7.4696
7.2677,4.6248
6.5395,4.3348
7.3667,5.1066
6.8635,4.7341
6.8635,4.7341
6.6440,4.3417
13.1603,11.8464
9.4617,12.8078
6.5474,4.9304
7.1681,4.4522
6.7840,4.7539
7.0134,4.7774
5.3208,5.3862
5.3208,5.3862
7.3667,5.1066
6.1917,7.5488
7.9266,5.0333
7.9266,5.0333
7.9266,5.0333
6.0074,5.4899
8.7000,9.2000
6.4003,4.5394
4.5667,7.7667
3.3958,6.4531
9.8433,10.3134
9.8433,10.3134
9.8433,10.3134
11.9608,11.7470
11.9608,11.7470
14.2069,12.3730
11.1673,10.2897
8.5167,12.0001
13.1603,11.8464
13.1603,11.8464
13.1603,11.8464
11.0698,11.8640
11.0694,11.7091
8.8451,11.8107
13.1603,11.8464
4.8000,7.9500
13.1603,11.8464
11.0698,11.8640
11.0698,11.8640
11.1861,11.6852
13.1603,11.8464
13.1603,11.8464
13.1603,11.8464
13.1603,11.8464
13.1603,11.8464
6.6614,12.1628
5.8904,7.6561
6.0000,4.8333
4.0339,6.7784
4.0339,6.7784
8.8921,9.9285
8.5167,8.4833
7.7252,11.1132
7.4383,10.5222
8.8921,9.9285
7.2677,4.6248
5.7500,5.5167
6.5395,4.3348
6.0074,5.4899
7.0134,4.7774
7.5333,9.0833
7.0304,5.4833
7.0304,5.4833
7.7252,11.1132
7.7252,11.1132
6.7519,5.2341
8.5167,9.6667
3.3232,6.6579
7.0741,6.2101
7.8893,5.5342
3.3958,6.4531
7.3667,5.1066
8.8921,9.9285
8.8921,9.9285
8.5167,8.4833
5.7801,5.0556
5.1792,5.5801
7.0134,4.7774
5.7862,5.5546
6.0000,4.8333
4.3833,8.5167
7.0134,4.7774
13.1603,11.8464
5.9252,5.1593
7.9266,5.0333
3.8964,7.3878
4.5269,6.4145
13.1603,11.8464
6.2642,4.9247
7.5333,9.0833
7.5333,9.0833
8.2728,5.4062
4.7249,6.3234
3.8964,7.3878
3.3958,6.4531
5.7862,5.5546
5.7801,5.0556
3.3958,6.4531
4.2333,8.8167
6.7321,5.0559
6.0789,4.8047
6.0789,4.8047
8.2412,12.2343
3.3958,6.4531
5.7500,5.5167
9.8433,10.3134
3.5833,7.0000
6.7885,6.1454
7.9903,8.2761
5.4466,6.2781
7.9140,5.3898
3.3958,6.4531
8.4259,4.7516
9.8433,10.3134
-15.2977,11.8400
-15.2977,11.8400
-15.2977,11.8400
-15.2977,11.8400
-15.2977,11.8400
-15.2977,11.8400
-15.2977,11.8400
-15.2977,11.8400
-16.2166,12.4333
30.0383,-1.9638
30.0606,-1.9536
30.0383,-1.9638
29.7833,-2.2333
30.0383,-1.9638
30.0383,-1.9638
30.0383,-1.9638
29.2633,-1.7008
29.7355,-2.0158
29.4388,-1.5695
29.4137,-1.5768
29.4137,-1.5768
29.7116,-2.5808
29.7394,-2.5966
29.7394,-2.5966
29.7116,-2.5808
-16.2264,12.8103
-15.5569,12.7081
-15.5569,12.7081
-13.9500,13.3200
-16.2666,12.5833
-16.2666,12.5833
-16.2666,12.5833
-16.2666,12.5833
-16.2666,12.5833
-16.2666,12.5833
-16.4300,12.9200
-16.4300,12.9200
-17.4441,14.6667
-16.2666,12.5833
-16.2666,12.5833
-14.2000,12.8000
-16.2666,12.5833
-16.2666,12.5833
-15.5569,12.7081
-16.2000,12.5000
-12.1833,12.5500
-12.1833,12.5500
-13.2341,8.4900
-12.7166,8.1167
-13.2341,8.4900
-13.2341,8.4900
-12.7166,8.1167
-13.2341,8.4900
-13.2341,8.4900
-13.2341,8.4900
-13.2341,8.4900
-13.2341,8.4900
-13.2341,8.4900
-13.2341,8.4900
-13.2341,8.4900
-13.1800,9.0300
-13.1361,8.4133
-13.1361,8.4133
-13.1361,8.4133
-13.1361,8.4133
-13.1361,8.4133
-13.2341,8.4900
-13.2341,8.4900
45.1160,2.1500
45.3500,2.0333
45.1160,2.1500
41.8943,3.7807
41.8943,3.7807
45.3500,2.0333
45.3500,2.0476
45.5252,5.1994
42.2199,3.3280
43.0333,4.5500
45.3900,2.0652
45.5172,2.7038
50.4174,10.3383
45.5336,9.5221
45.3900,2.0652
45.3300,2.0549
47.4306,6.7692
45.3300,2.0549
45.3200,2.0480
45.3300,2.0549
45.3500,2.0678
45.3300,2.0549
45.3500,2.0476
45.3200,2.0480
45.3900,2.0652
45.3400,2.0456
44.8333,1.9833
46.3964,6.1478
45.3100,2.0195
45.3500,2.0476
42.2860,2.3399
45.3300,2.0549
45.2043,4.7360
45.3100,2.0195
42.2860,2.3399
45.3500,2.0333
45.3200,2.0480
45.3500,2.0333
43.6469,3.1172
45.2043,4.7360
42.8868,2.7622
44.0800,9.2500
45.2500,2.0095
45.3500,2.0678
45.3900,2.0652
45.3500,2.0333
46.5700,8.8800
42.4522,1.6394
48.3500,5.6500
47.4306,6.7692
45.3500,2.0333
45.3500,2.0333
46.3964,6.1478
45.3500,2.0333
43.6469,3.1172
43.6469,3.1172
48.8510,7.2135
45.5825,2.8780
48.3500,5.6500
43.6469,3.1172
45.3337,2.0414
45.5252,5.1994
42.5446,3.8000
46.3867,5.5376
46.3867,5.5376
45.3500,2.0333
45.8774,5.3083
45.3500,2.0333
43.4738,11.3522
45.3900,2.0844
45.3200,2.0480
45.3100,2.0195
45.5336,9.5221
42.2199,3.3280
45.7980,2.2983
43.8901,4.1230
49.0861,9.5069
42.0710,0.5172
45.3500,2.0476
45.3900,2.0652
45.5347,2.9704
45.2500,2.0095
45.2259,2.2204
45.3900,2.0652
45.3600,2.0600
49.1223,9.2215
45.2259,2.2204
45.4968,2.7809
47.3681,10.6218
45.1160,2.1500
45.3500,2.0333
49.1800,11.0500
45.3833,2.3500
45.3500,2.0333
49.1876,11.0368
42.4947,3.1685
45.3500,2.0333
45.3051,2.0152
41.3200,2.5700
46.3964,6.1478
46.6271,6.1457
45.3400,2.0456
45.3500,2.0333
45.4968,2.7809
45.3300,2.0549
45.3500,2.0333
43.8901,4.1230
45.3500,2.0333
45.3200,2.0480
45.3337,2.0414
45.3337,2.0414
45.3900,2.0652
47.4700,7.0800
43.8901,4.1230
45.3500,2.0678
46.3157,8.2516
42.0710,0.5172
45.3337,2.0414
45.3833,2.3500
45.2043,4.7360
45.3003,2.0581
45.3107,2.0316
45.3300,2.0549
45.2500,2.0095
45.3500,2.0333
42.7382,0.0692
45.2043,4.7360
48.3500,5.6500
43.9432,10.6825
46.6234,4.6815
45.3400,2.0456
45.2259,2.2204
46.6234,4.6815
45.2043,4.7360
49.8500,7.9666
44.1750,9.5983
45.1160,2.1500
45.3100,2.0195
45.3200,2.0480
45.3368,2.0411
46.0882,4.3934
45.2043,4.7360
45.2259,2.2204
45.2043,4.7360
45.3500,2.0678
43.1616,4.3535
49.8500,7.9666
45.2043,4.7360
45.3833,2.3500
45.3500,2.0678
45.3500,2.0476
43.1616,4.3535
45.3337,2.0414
43.1616,4.3535
46.3964,6.1478
42.5732,1.2448
45.3200,2.0480
45.3300,2.0549
45.2259,2.2204
44.8936,2.6195
45.3500,2.0476
45.3337,2.0414
49.1806,11.2837
47.3681,10.6218
45.3300,2.0276
45.3500,2.0678
45.3200,2.0480
44.0668,9.5598
45.3500,2.0678
48.4819,8.4064
42.2860,2.3399
45.3622,2.5159
49.1806,11.2837
45.1160,2.1500
42.2860,2.3399
45.3300,2.0549
43.6599,4.8282
45.3900,2.0652
42.5463,-0.3603
45.3500,2.0333
45.3100,2.0195
45.3337,2.0414
45.3100,2.0195
45.2259,2.2204
46.3157,8.2516
42.4947,3.1685
41.8943,3.7807
45.2259,2.2204
44.8333,1.9833
45.1160,2.1500
45.3337,2.0414
43.3700,9.7300
45.3900,2.0652
42.5463,-0.3603
44.5090,2.7144
44.0821,2.8049
44.5090,2.7144
47.8333,7.6167
45.3500,2.0678
45.3400,2.0337
45.3500,2.0678
45.3500,2.0476
45.3900,2.0652
45.3600,2.0405
45.3200,2.0480
45.4968,2.7809
47.4306,6.7692
45.1160,2.1500
43.1333,2.5333
45.5336,9.5221
45.3107,2.0316
45.3500,2.0678
45.3500,2.0333
45.5969,3.3834
43.6469,3.1172
46.0882,4.3934
45.3200,2.0480
42.2199,3.3280
45.1160,2.1500
45.2043,4.7360
43.1616,4.3535
45.5172,2.7038
49.0861,9.5069
47.4306,6.7692
44.7639,1.7131
42.9766,2.4074
45.2043,4.7360
45.5651,3.8519
45.3600,2.0405
45.3300,2.0276
45.2043,4.7360
45.2043,4.7360
46.6271,6.1457
48.0000,10.5000
43.4738,11.3522
45.5336,9.5221
45.5172,2.7038
45.5969,3.3834
45.3100,2.0195
45.2043,4.7360
46.6271,6.1457
47.8584,4.6517
45.3300,2.0549
45.3500,2.0333
46.0882,4.3934
45.3500,2.0476
45.3600,2.0405
42.5463,-0.3603
49.9170,9.2297
44.0668,9.5598
45.3199,2.0494
46.3964,6.1478
45.3833,2.3500
45.2043,4.7360
45.3400,2.0456
45.3200,2.0480
45.3199,2.0494
45.3500,2.0678
45.2500,2.0095
42.5463,-0.3603
45.3199,2.0494
48.8510,7.2135
45.5172,2.7038
45.3300,2.0549
45.3200,2.0480
45.5336,9.5221
45.3900,2.0652
45.3107,2.0316
42.7382,0.0692
49.1806,11.2837
42.5463,-0.3603
45.1160,2.1500
45.3500,2.0333
45.3200,2.0480
44.0668,9.5598
44.8936,2.6195
45.3003,2.0581
42.5463,-0.3603
42.5732,1.2448
45.3900,2.0652
47.4306,6.7692
45.5651,3.8519
45.5651,3.8519
45.3300,2.0549
45.3400,2.0456
45.3500,2.0678
45.3300,2.0549
46.0882,4.3934
45.5651,3.8519
46.6234,4.6815
45.2043,4.7360
42.5463,-0.3603
45.2043,4.7360
45.5651,3.8519
45.4000,4.4000
45.4968,2.7809
45.3300,2.0276
43.6333,9.7333
45.3003,2.0581
48.4819,8.4064
45.4968,2.7809
45.2259,2.2204
45.3500,2.0678
49.1806,11.2837
45.5347,2.9704
47.4306,6.7692
42.2199,3.3280
45.5651,3.8519
46.0819,8.5914
45.3500,2.0333
42.5463,-0.3603
45.3200,2.0480
41.8943,3.7807
45.3300,2.0549
45.3200,2.0480
42.2860,2.3399
45.3300,2.0276
45.2500,2.0095
42.0710,0.5172
45.2259,2.2204
48.8000,6.6800
47.3544,8.4736
48.4819,8.4064
45.3500,2.0333
45.3500,2.0333
42.7382,0.0692
45.2500,2.0095
43.3700,9.7300
43.6469,3.1172
42.5463,-0.3603
49.1223,9.2215
45.3100,2.0195
42.7666,0.4833
42.5463,-0.3603
45.3100,2.0195
45.2500,2.0095
43.3600,9.7000
45.2827,2.0450
45.3300,2.0276
45.3500,2.0333
45.3500,2.0333
45.3900,2.0652
45.3900,2.0652
45.3900,2.0652
45.3200,2.0480
45.3900,2.0652
45.3500,2.0333
44.7639,1.7131
42.5463,-0.3603
42.5463,-0.3603
45.2043,4.7360
45.3900,2.0652
45.4968,2.7809
45.3500,2.0476
45.3900,2.0652
45.3900,2.0652
45.4968,2.7809
45.4968,2.7809
45.3500,2.0476
44.7639,1.7131
41.0616,0.9625
41.0124,0.4063
41.0177,2.7352
41.8943,3.7807
42.5446,3.8000
45.3500,2.0678
45.5347,2.9704
45.3900,2.0652
45.1160,2.1500
45.3400,2.0337
48.4819,8.4064
45.3900,2.0652
48.5000,8.4000
46.1039,2.8111
45.3300,2.0549
43.1333,2.5333
47.4279,6.7662
45.4968,2.7809
45.3900,2.0652
45.5969,3.3834
45.3500,2.0333
45.4968,2.7809
45.5347,2.9704
43.8901,4.1230
43.6333,9.7333
45.3100,2.0195
45.3500,2.0678
43.2463,3.8096
45.3900,2.0652
45.2500,2.0095
45.3500,2.0678
45.3100,2.0195
45.2259,2.2204
45.2259,2.2204
45.3500,2.0333
45.3500,2.0678
45.3300,2.0549
45.3500,2.0333
45.3500,2.0678
45.3200,2.0480
43.6469,3.1172
47.8333,7.6167
42.5463,-0.3603
46.3160,2.7500
45.2259,2.2204
42.0710,0.5172
45.3500,2.0333
45.3200,2.0480
45.3300,2.0549
45.3337,2.0414
45.3003,2.0581
47.4279,6.7662
49.8500,7.9666
45.3500,2.0333
45.2259,2.2204
45.2043,4.7360
45.3107,2.0316
45.3500,2.0333
49.1806,11.2837
42.5732,1.2448
43.6469,3.1172
45.3500,2.0333
41.8943,3.7807
45.3368,2.0411
45.3500,2.0333
45.1160,2.1500
43.6469,3.1172
45.1160,2.1500
45.8774,5.3083
48.6500,6.4333
46.4181,6.1719
45.3300,2.0549
45.3900,2.0652
45.3400,2.0456
45.3300,2.0549
45.3500,2.0333
45.3200,2.0480
47.4893,7.0590
45.4968,2.7809
44.0821,2.8049
47.4893,7.0590
42.0710,0.5172
45.3400,2.0337
45.2259,2.2204
45.3500,2.0333
42.0710,0.5172
41.0124,0.4063
45.3400,2.0337
45.3500,2.0333
45.2259,2.2204
45.3003,2.0581
43.3000,2.5500
45.3500,2.0333
45.2259,2.2204
45.3300,2.0276
43.6599,4.8282
49.1806,11.2837
45.3500,2.0678
45.3300,2.0549
45.3400,2.0337
45.1160,2.1500
44.7639,1.7131
49.8500,7.9666
45.3337,2.0414
47.4306,6.7692
43.6469,3.1172
42.5463,-0.3603
45.3500,2.0333
45.2259,2.2204
44.8000,9.8667
47.4279,6.7662
50.2301,10.2818
47.0000,9.5000
45.5347,2.9704
41.3200,2.5700
45.3300,2.0276
45.3400,2.0337
45.3300,2.0549
45.3900,2.0652
43.2463,3.8096
45.3337,2.0414
45.1160,2.1500
41.8943,3.7807
45.2259,2.2204
45.2043,4.7360
42.5446,3.8000
41.7141,0.2837
42.0710,0.5172
41.5942,-0.4394
42.5463,-0.3603
41.0124,0.4063
42.7666,0.4833
42.5732,1.2448
42.5446,3.8000
42.0710,0.5172
42.5463,-0.3603
41.8943,3.7807
41.8943,3.7807
45.4968,2.7809
46.2841,4.5135
45.3500,2.0333
45.3500,2.0333
45.3300,2.0549
45.3200,2.0480
45.3500,2.0333
44.0668,9.5598
45.5347,2.9704
45.3500,2.0333
47.3681,10.6218
45.3500,2.0333
46.3160,2.7500
41.3200,2.5700
45.2043,4.7360
45.3500,2.0476
45.3200,2.0480
45.3500,2.0333
45.2043,4.7360
45.3500,2.0333
45.2503,4.7430
44.3167,9.8333
44.3167,9.8333
45.3500,2.0333
45.2043,4.7360
41.9758,0.8700
42.5732,1.2448
45.3300,2.0276
44.0668,9.5598
46.3964,6.1478
45.3337,2.0414
41.8943,3.7807
45.2043,4.7360
42.2860,2.3399
45.3500,2.0476
45.3500,2.0678
45.3200,2.0480
45.3500,2.0678
45.3300,2.0549
48.4819,8.4064
45.3500,2.0678
45.3300,2.0549
45.3200,2.0480
43.8901,4.1230
45.2500,2.0095
45.1160,2.1500
45.3368,2.0411
45.8774,5.3083
45.3300,2.0276
45.3199,2.0494
45.1160,2.1500
45.2500,2.0095
46.3160,2.7500
42.5463,-0.3603
49.1806,11.2837
47.4306,6.7692
49.1806,11.2837
49.1806,11.2837
43.3000,2.5500
45.5336,9.5221
44.0297,1.1132
49.1806,11.2837
45.3051,2.0152
45.3500,2.0678
43.3000,2.5500
45.3833,2.3500
45.3833,2.3500
45.2500,2.0095
46.3964,6.1478
45.1160,2.1500
45.3500,2.0476
42.9833,10.9833
45.3500,2.0678
45.3200,2.0480
45.3300,2.0549
42.2860,2.3399
43.6469,3.1172
47.4306,6.7692
43.4759,9.8241
47.4306,6.7692
45.2259,2.2204
43.6333,9.7333
45.3500,2.0678
48.8510,7.2135
45.7980,2.2983
45.5347,2.9704
45.3500,2.0333
42.0710,0.5172
45.3500,2.0476
45.3600,2.0405
45.3500,2.0476
45.3600,2.0405
45.3500,2.0678
45.3200,2.0480
45.5252,5.1994
43.2471,4.0552
45.3100,2.0195
43.6333,9.7333
50.8128,9.4956
45.3500,2.0333
47.3544,8.4736
45.3500,2.0333
42.5463,-0.3603
45.3500,2.0333
45.3200,2.0480
47.4306,6.7692
45.3051,2.0152
47.4306,6.7692
44.7639,1.7131
44.7639,1.7131
48.2000,11.1631
47.3544,8.4736
49.1806,11.2837
45.2043,4.7360
45.5336,9.5221
44.5127,4.0182
47.4306,6.7692
45.4968,2.7809
48.0000,10.5000
49.1806,11.2837
45.3100,2.0195
45.3500,2.0333
45.3200,2.0480
45.3337,2.0414
45.2043,4.7360
42.5463,-0.3603
48.4819,8.4064
43.6469,3.1172
42.9766,2.4074
45.3500,2.0678
45.8774,5.3083
45.2259,2.2204
45.3500,2.0678
45.3833,2.3500
46.3867,5.5376
45.3500,2.0678
45.5651,3.8519
45.3368,2.0411
45.3337,2.0414
46.3867,5.5376
41.0124,0.4063
45.3600,2.0405
45.3600,2.0405
45.3500,2.0476
45.3337,2.0414
45.3600,2.0405
45.3900,2.0844
42.7382,0.0692
45.3400,2.0337
45.3900,2.0844
46.7753,3.5595
46.7753,3.5595
45.3500,2.0333
48.4208,9.1494
42.0710,0.5172
45.3337,2.0414
45.5252,5.1994
42.5732,1.2448
41.0124,0.4063
42.0710,0.5172
45.3500,2.0476
41.8943,3.7807
45.3600,2.0405
42.2860,2.3399
45.4968,2.7809
45.3300,2.0549
43.6469,3.1172
45.3200,2.0480
42.2860,2.3399
45.3300,2.0276
45.3500,2.0333
45.2043,4.7360
45.3200,2.0480
42.5463,-0.3603
49.1806,11.2837
42.2860,2.3399
45.2043,4.7360
45.7980,2.2983
45.3900,2.0652
45.3200,2.0480
45.3500,2.0678
45.3300,2.0549
45.3500,2.0333
43.1839,9.9387
45.3200,2.0480
45.3500,2.0678
42.5446,3.8000
41.0124,0.4063
47.4279,6.7662
45.3500,2.0333
45.3300,2.0549
45.5969,3.3834
45.1160,2.1500
47.3544,8.4736
28.0436,-26.2023
30.9667,-25.4667
30.9667,-25.4667
28.0992,-25.4729
18.4239,-33.9253
27.9333,-26.6667
18.4239,-33.9253
28.1878,-25.7449
18.4667,-33.9333
31.0292,-29.8579
28.0436,-26.2023
25.5701,-33.9180
25.5667,-26.2000
31.0292,-29.8579
28.1878,-25.7449
18.6237,-34.0534
28.0436,-26.2023
18.6237,-34.0534
25.5701,-33.9180
30.7640,-29.7748
18.6237,-34.0534
28.1878,-25.7449
26.6692,-33.6807
30.8833,-29.9667
18.7570,-32.9032
25.6034,-33.8991
25.4425,-33.3990
18.3763,-34.1293
28.0436,-26.2023
31.5245,-24.5568
28.1878,-25.7449
28.1878,-25.7449
28.1878,-25.7449
18.5855,-33.9875
18.5500,-33.8500
31.0292,-29.8579
25.4022,-33.7653
28.1878,-25.7449
18.6792,-34.0393
28.0436,-26.2023
32.0000,-28.0000
29.0167,-24.6667
28.0436,-26.2023
31.0292,-29.8579
25.6192,-32.1642
28.0833,-26.2000
28.0884,-25.6242
26.0054,-26.8091
31.0292,-29.8579
18.5563,-33.9897
28.0000,-31.6833
31.0292,-29.8579
28.0436,-26.2023
28.0436,-26.2023
18.4239,-33.9253
18.6792,-34.0393
31.0292,-29.8579
27.9452,-26.5736
18.5500,-34.0167
31.2667,-28.3167
30.0833,-24.6000
18.4239,-33.9253
18.5500,-34.0167
28.0436,-26.2023
30.9933,-29.7791
30.8833,-29.9667
28.3500,-25.6500
28.5222,-25.6756
31.0292,-29.8579
25.5701,-33.9180
31.0292,-29.8579
28.0436,-26.2023
30.3100,-29.6522
30.6520,-29.8008
28.0436,-26.2023
31.0292,-29.8579
28.0928,-25.6561
28.1470,-26.0993
28.0436,-26.2023
28.0650,-26.1830
30.3833,-29.6167
28.0436,-26.2023
30.8917,-29.9187
28.1284,-25.9895
30.3833,-29.6167
28.0436,-26.2023
30.8867,-29.8207
28.0436,-26.2023
27.2500,-25.6667
28.0436,-26.2023
28.0436,-26.2023
27.8333,-26.3167
18.4239,-33.9253
28.1223,-26.2679
31.0292,-29.8579
28.0436,-26.2023
31.0292,-29.8579
31.0292,-29.8579
31.0292,-29.8579
31.0292,-29.8579
28.9007,-24.9341
28.0436,-26.2023
28.0228,-25.5502
18.4239,-33.9253
28.0436,-26.2023
18.4239,-33.9253
28.1000,-26.1167
18.5834,-33.9062
28.9833,-30.8917
28.0228,-25.5502
31.0292,-29.8579
28.0436,-26.2023
28.0436,-26.2023
18.6792,-34.0393
31.0292,-29.8579
31.0292,-29.8579
31.0292,-29.8579
28.0436,-26.2023
28.0436,-26.2023
18.4239,-33.9253
28.1878,-25.7449
28.0436,-26.2023
18.6792,-34.0393
30.3833,-29.6167
18.6792,-34.0393
27.8667,-26.2667
18.6792,-34.0393
28.0436,-26.2023
18.6792,-34.0393
18.6792,-34.0393
18.6792,-34.0393
18.6792,-34.0393
18.6431,-33.9325
18.6792,-34.0393
18.6431,-33.9325
18.5016,-33.9626
18.6792,-34.0393
18.6431,-33.9325
18.6333,-33.9000
28.0436,-26.2023
28.0436,-26.2023
27.8368,-26.4097
30.8867,-29.8207
27.8368,-26.4097
18.4239,-33.9253
18.4239,-33.9253
18.4239,-33.9253
31.0202,-23.9518
18.6444,-33.9656
18.3667,-33.8000
18.4239,-33.9253
28.0436,-26.2023
18.4239,-33.9253
30.9803,-29.9608
30.9933,-29.9500
30.9803,-29.9608
18.6792,-34.0393
18.4239,-33.9253
18.4239,-33.9253
28.1878,-25.7449
25.5535,-33.9162
18.3833,-33.3833
28.1284,-25.9895
28.1878,-25.7449
28.0436,-26.2023
31.0292,-29.8579
30.9933,-29.9500
18.5343,-33.9451
28.0436,-26.2023
18.4239,-33.9253
28.1045,-25.9166
18.7633,-34.0641
30.4199,-25.0899
31.6500,-27.9000
25.5483,-33.8801
28.0436,-26.2023
18.3763,-34.1293
31.0292,-29.8579
31.0292,-29.8579
30.3833,-29.6167
31.0292,-29.8579
18.6729,-33.9981
30.9620,-29.7511
18.3763,-34.1293
18.3763,-34.1293
30.8132,-27.0071
28.7844,-31.5889
31.0292,-29.8579
28.0833,-26.2000
30.4500,-25.1000
28.0167,-25.9333
18.7000,-33.9500
27.7802,-25.6347
28.6118,-26.6518
31.0292,-29.8579
18.6333,-33.9000
25.5847,-33.8844
28.0436,-26.2023
28.1878,-25.7449
28.7844,-31.5889
28.0436,-26.2023
30.4500,-25.1000
28.0167,-25.9333
30.4500,-25.1000
28.0167,-25.9333
25.5701,-33.9180
18.6792,-34.0393
18.3468,-34.0393
31.0292,-29.8579
30.1635,-23.8332
28.5833,-26.6500
28.1878,-25.7449
28.3209,-25.7174
28.0667,-26.3667
28.0436,-26.2023
28.0436,-26.2023
28.0195,-26.5599
27.9333,-26.6667
30.8833,-29.9667
28.5833,-26.6500
28.0667,-26.3667
28.1878,-25.7449
29.4689,-23.9045
23.3716,-34.0527
30.7800,-25.0999
28.0667,-26.3667
25.5701,-33.9180
18.4239,-33.9253
25.5701,-33.9180
30.9667,-25.4667
28.0436,-26.2023
30.1635,-23.8332
30.1635,-23.8332
30.9667,-25.4667
18.3763,-34.1293
30.1635,-23.8332
30.1635,-23.8332
30.1635,-23.8332
18.6431,-33.9325
18.6333,-33.9000
30.1635,-23.8332
18.6333,-33.9000
23.3716,-34.0527
28.0436,-26.2023
18.6333,-33.9000
23.0471,-34.0363
18.6333,-33.9000
27.8333,-26.5833
29.5733,-31.3620
29.4994,-31.0775
29.4952,-31.0804
27.7752,-26.0858
27.7752,-26.0858
28.2870,-25.4089
31.0292,-29.8579
18.6167,-34.0500
18.6792,-34.0393
31.0292,-29.8579
18.4239,-33.9253
30.9837,-29.9127
30.3833,-29.6167
28.1878,-25.7449
28.0901,-25.8324
25.5701,-33.9180
28.0436,-26.2023
18.6792,-34.0393
27.9452,-26.5736
28.1500,-32.3333
28.0219,-26.1982
18.4823,-34.0482
28.0219,-26.1982
28.0219,-26.1982
30.4500,-25.1000
30.9667,-25.4667
27.8380,-26.7117
31.1277,-25.0440
23.0471,-34.0363
31.0292,-29.8579
31.0292,-29.8579
29.2500,-26.9500
22.4500,-33.9667
29.2500,-26.9500
29.2500,-26.9500
26.2000,-29.1333
29.2000,-26.9667
29.2500,-26.9500
28.2167,-25.7500
29.9346,-27.7552
18.4239,-33.9253
29.2500,-26.9500
25.7116,-33.5231
29.2000,-26.9667
28.0436,-26.2023
29.2000,-26.9667
29.2000,-26.9667
28.0667,-26.3667
29.2000,-26.9667
25.5701,-33.9180
28.2942,-24.8850
29.2000,-26.9667
28.2219,-26.1772
31.0292,-29.8579
30.0333,-25.6833
30.9667,-25.4667
31.0292,-29.8579
30.0667,-23.9000
25.7116,-33.5231
29.2500,-26.9500
29.2500,-26.9500
29.2000,-26.9667
29.2000,-26.9667
28.0167,-25.9333
18.4667,-34.0921
30.0333,-25.6833
25.5701,-33.9180
31.1277,-25.0440
28.2219,-26.1772
28.7500,-31.3167
24.7866,-27.5311
30.9333,-29.6833
30.4500,-25.1000
30.4500,-25.1000
24.5215,-28.5354
24.5215,-28.5354
18.5667,-33.9833
30.9333,-29.8333
31.1276,-25.3302
18.5667,-33.9833
29.8380,-24.8281
28.0167,-25.9333
18.4702,-34.0744
30.3833,-29.6167
28.0167,-25.9333
22.4500,-33.9667
18.5667,-33.9833
31.0292,-29.8579
31.0292,-29.8579
30.3833,-29.6167
28.0436,-26.2023
30.2333,-29.4667
18.6792,-34.0393
29.8662,-29.0127
18.6237,-34.0534
30.3833,-29.6167
18.6237,-34.0534
23.3716,-34.0527
23.3716,-34.0527
18.4239,-33.9253
27.8380,-26.7117
18.4239,-33.9253
18.4239,-33.9253
18.4702,-34.0744
30.8917,-29.9187
27.0973,-25.3464
28.0992,-25.4729
25.5701,-33.9180
29.4689,-23.9045
27.6964,-26.2260
28.7844,-31.5889
25.5701,-33.9180
31.0292,-29.8579
26.2000,-29.1333
19.4333,-33.6500
30.7450,-27.9820
28.1878,-25.7449
28.0436,-26.2023
32.6667,-18.9666
30.8333,-20.0833
30.8333,-20.0833
32.2667,-19.2500
32.2667,-19.2500
32.6667,-18.9666
31.2500,-17.9000
31.6667,-21.0500
31.0756,-18.0127
31.5538,-19.9854
30.8333,-20.0833
32.2667,-19.2500
31.0500,-17.8333
30.9667,-17.5166
28.5800,-20.1500
30.1500,-18.1333
31.0500,-17.8333
31.0500,-17.8333
31.0500,-17.8333
29.8200,-19.4500
32.2667,-19.2500
32.2667,-19.2500
30.9667,-17.5166
31.0500,-17.8333
29.8200,-19.4500
31.9833,-18.7166
31.4333,-19.3333
31.4333,-19.3333
31.4333,-19.3333
31.0500,-17.8333
31.0500,-17.8333
31.4333,-19.3333
31.4333,-19.3333
32.6667,-18.9666
32.6667,-18.9666
32.2667,-19.2500
28.5800,-20.1500
32.6667,-18.9666
30.1500,-18.1333
32.2667,-19.2500
32.3500,-19.5166
31.0372,-17.8581
31.0372,-17.8581
31.0500,-17.8333
31.0500,-17.8333
30.1500,-18.1333
30.1500,-18.1333
31.0500,-17.8333
31.3297,-17.2964
31.4333,-19.3333
31.4333,-19.3333
31.4333,-19.3333
31.4333,-19.3333
31.4333,-19.3333
31.1667,-19.6500
31.6667,-21.0500
30.1500,-18.1333
30.1500,-18.1333
31.6667,-21.0500
30.9486,-17.9113
31.0500,-17.8333
32.2667,-19.2500
30.9822,-17.8303
30.9272,-17.8663
30.9672,-17.8552
30.9311,-17.8253
30.9919,-17.8858
30.9486,-17.9113
30.9838,-17.9047
30.9336,-17.8972
31.0500,-17.8333
31.0500,-17.8333
31.0500,-17.8333
31.0500,-17.8333
30.1500,-18.1333
30.1500,-18.1333
30.1500,-18.1333
31.0500,-17.8333
32.6667,-18.9666
30.1500,-18.1333
28.5800,-20.1500
28.5800,-20.1500
28.9333,-18.2166
32.2167,-17.4000
31.0500,-17.8333
31.0500,-17.8333
31.0500,-17.8333
32.6167,-20.2000
30.1500,-18.1333
31.0756,-18.0127
28.5800,-20.1500
28.5800,-20.1500
28.5800,-20.1500
31.0500,-17.8333
31.0500,-17.8333
31.0500,-17.8333
31.5667,-17.3166
30.8333,-20.0833
32.6667,-18.9666
30.1500,-18.1333
30.8333,-20.0833
30.8333,-20.0833
30.1500,-18.1333
30.1500,-18.1333
30.1500,-18.1333
30.1500,-18.1333
30.1500,-18.1333
30.1500,-18.1333
31.0561,-17.8678
31.0481,-17.9939
30.1500,-18.1333
31.0372,-17.8581
28.5800,-20.1500
30.4000,-17.3833
28.5800,-20.1500
29.3333,-15.7500
29.3333,-15.7500
30.9667,-17.5166
30.2000,-17.3666
32.0500,-18.2833
32.2667,-19.2500
32.2667,-19.2500
31.0921,-17.8757
30.1500,-18.1333
31.4333,-19.3333
30.2000,-17.3666
31.0500,-17.8333
31.0500,-17.8333
30.9667,-17.5166
30.9667,-17.5166
30.7000,-16.6666
30.9667,-17.5166
30.9667,-17.5166
30.7000,-16.6666
30.7000,-16.6666
28.5800,-20.1500
31.0500,-17.8333
31.0500,-17.8333
31.0500,-17.8333
32.6666,-17.1333
30.8333,-20.0833
31.5833,-16.7833
29.3333,-15.7500
31.8908,-17.3150
29.8200,-19.4500
30.8333,-20.0833
31.8908,-17.3150
31.8908,-17.3150
31.0500,-17.8333
31.0500,-17.8333
31.8908,-17.3150
28.5800,-20.1500
30.5333,-19.2833
31.0500,-17.8333
31.0500,-17.8333
28.5800,-20.1500
29.9167,-18.3500
31.7775,-17.6469
30.1500,-18.1333
32.2667,-19.2500
31.0500,-17.8333
30.9919,-17.8858
30.2000,-17.3666
30.2000,-17.3666
31.0500,-17.8333
28.5800,-20.1500
28.5800,-20.1500
31.0500,-17.8333
30.0333,-20.3333
32.6333,-18.7500
31.7775,-17.6469
31.3297,-17.2964
31.5500,-18.1833
31.5500,-18.1833
31.0500,-17.8333
31.5833,-16.7833
31.0500,-17.8333
32.8667,-19.8000
30.7000,-16.6666
31.9833,-18.7166
31.0500,-17.8333
31.0864,-17.7542
31.7775,-17.6469
32.6667,-18.9666
30.2000,-17.3666
31.0372,-17.8581
31.0864,-17.7542
31.0864,-17.7542
31.0500,-17.8333
31.0500,-17.8333
31.0864,-17.7542
30.4000,-17.3833
30.9486,-17.9113
31.0486,-17.7769
32.7500,-18.2166
31.0500,-17.8333
29.4009,4.8182
29.4626,4.9238
28.4104,4.5710
31.6178,4.8609
28.4104,4.5710
30.4500,3.9400
25.3559,13.6264
29.6995,6.8187
29.9367,6.0581
31.6178,4.8609
25.3559,13.6264
25.1520,14.4254
30.3167,5.3500
29.4626,4.9238
29.4626,4.9238
24.6499,14.2065
25.3559,13.6264
30.3133,4.8166
29.1909,4.6109
25.3559,13.6264
31.5620,6.2144
30.3458,5.0362
31.6521,9.5409
27.9762,8.2850
23.4811,12.9000
31.0636,11.8564
25.6132,11.9971
25.6132,11.9971
30.7436,10.2336
29.7294,11.0142
33.0023,7.7790
37.2152,19.5896
31.2396,11.9372
30.3167,5.3500
31.2396,11.9372
25.6132,11.9971
28.4104,4.5710
27.9762,8.2850
25.6132,11.9971
29.1059,4.7947
29.6995,6.8187
24.8906,12.0556
25.3559,13.6264
22.4454,13.4413
24.8906,12.0556
25.6132,11.9971
28.6839,7.2733
29.1059,4.7947
25.6132,11.9971
25.3559,13.6264
25.3559,13.6264
25.6132,11.9971
25.3559,13.6264
25.3559,13.6264
25.6132,11.9971
25.6132,11.9971
25.6132,11.9971
25.6132,11.9971
24.8906,12.0556
25.3559,13.6264
28.4349,9.5952
25.3559,13.6264
30.2600,7.7400
32.0272,8.0448
29.7294,11.0142
31.5008,12.0833
25.3559,13.6264
25.3559,13.6264
34.3599,11.7898
31.5620,6.2144
29.2534,4.8543
29.3678,4.9164
29.3678,4.9164
25.2000,13.8830
29.1059,4.7947
25.3559,13.6264
25.3559,13.6264
29.3678,4.9164
29.3678,4.9164
25.0892,12.3116
29.1059,4.7947
29.4626,4.9238
25.3559,13.6264
22.4454,13.4413
24.8906,12.0556
25.6170,12.3830
25.3833,13.5000
25.0892,12.3116
31.6521,9.5409
25.6132,11.9971
25.3559,13.6264
31.6521,9.5409
25.3559,13.6264
25.3559,13.6264
31.6521,9.5409
30.2700,5.6900
25.3559,13.6264
30.6716,4.0899
30.6716,4.0899
30.6716,4.0899
28.4104,4.5710
33.1297,6.7943
33.1297,6.7943
33.1297,6.7943
33.1297,6.7943
29.4626,4.9238
28.4104,4.5710
33.1297,6.7943
22.4454,13.4413
33.1297,6.7943
33.1297,6.7943
31.5620,6.2144
31.5620,6.2144
33.1297,6.7943
29.1364,5.4539
29.1059,4.7947
30.2700,5.6900
23.3117,13.4771
29.1364,5.4539
24.8906,12.0556
24.8906,12.0556
30.6716,4.0899
32.5364,15.5725
30.2449,13.1676
24.8906,12.0556
29.7294,11.0142
24.1831,11.3001
22.4454,13.4413
30.2700,5.6900
33.6333,3.9000
33.5829,4.7762
28.4104,4.5710
30.2700,5.6900
24.8906,12.0556
28.4104,4.5710
22.8669,12.9542
31.6178,4.8609
25.3559,13.6264
32.6700,8.6200
31.5620,6.2144
33.7300,9.9600
24.3153,11.5060
32.5364,15.5725
30.4999,6.5545
33.0023,7.7790
25.1743,10.8144
28.6839,7.2733
29.9333,9.5833
31.5620,6.2144
28.4104,4.5710
31.0890,13.9443
28.4104,4.5710
31.6178,4.8609
28.4104,4.5710
28.2164,4.3837
28.4104,4.5710
28.4104,4.5710
28.4104,4.5710
31.6800,5.0300
28.3273,4.5125
33.1500,8.4700
24.8906,12.0556
23.7046,15.0207
28.4104,4.5710
24.8906,12.0556
25.3559,13.6264
23.7046,15.0207
28.4382,4.4200
28.2557,4.6469
28.2557,4.6469
28.2557,4.6469
33.1297,6.7943
22.5500,14.3332
30.2449,13.1676
22.4454,13.4413
25.3559,13.6264
27.2542,5.3932
33.0664,8.6212
33.0664,8.6212
27.4722,5.0706
27.4722,5.0706
28.4069,4.4281
25.4000,14.1500
23.1375,12.3725
22.4454,13.4413
28.4104,4.5710
28.4104,4.5710
27.6500,5.0333
24.6499,14.2065
29.4000,4.7200
27.4722,5.0706
22.9832,13.4832
27.6801,4.9897
24.6499,14.2065
27.6801,4.9897
22.9832,13.4832
22.4454,13.4413
28.2164,4.3837
27.4722,5.0706
27.2655,5.8209
27.2655,5.8209
28.4382,4.4200
33.0023,7.7790
33.0023,7.7790
27.7967,11.3206
32.5364,15.5725
31.5620,6.2144
28.6839,7.2733
24.8906,12.0556
32.0833,4.4167
27.4722,5.0706
27.4722,5.0706
27.2542,5.3932
28.2164,4.3837
28.4104,4.5710
32.0833,4.4167
31.6178,4.8609
31.6178,4.8609
31.6178,4.8609
29.7883,9.2525
27.5279,8.4409
28.3000,8.4833
29.7883,9.2525
24.8906,12.0556
28.3000,8.4833
31.6600,5.9800
31.7470,5.4390
33.5829,4.7762
29.6995,6.8187
31.3400,6.8500
31.5620,6.2144
23.4811,12.9000
32.5364,15.5725
31.6178,4.8609
31.6178,4.8609
31.6178,4.8609
31.5620,6.2144
31.8800,7.7300
31.8800,7.7300
31.8800,7.7300
31.6178,4.8609
31.6178,4.8609
31.0600,6.6000
31.6178,4.8609
24.3667,14.3500
24.7548,13.8523
31.6178,4.8609
25.6810,8.4624
28.0071,7.7177
31.4087,7.7508
33.0023,7.7790
32.9833,15.2500
22.4454,13.4413
29.6995,6.8187
31.6178,4.8609
31.8456,9.3703
29.7883,9.2525
29.7883,9.2525
31.4189,9.3363
25.3559,13.6264
29.0700,7.0800
25.0491,11.2296
31.7470,5.4390
28.3249,4.5542
28.1439,4.8561
28.1439,4.8561
32.5364,15.5725
24.8906,12.0556
31.8000,5.6803
32.5364,15.5725
29.4626,4.9238
30.6716,4.0899
23.4811,12.9000
28.2557,4.6469
25.3559,13.6264
34.2268,4.4756
31.5620,6.2144
25.6810,8.4624
28.4104,4.5710
24.2855,12.5052
28.4667,6.0500
33.4500,8.5167
28.4667,6.0500
22.4454,13.4413
32.5767,4.4182
25.6810,8.4624
25.6810,8.4624
33.7000,4.2700
31.6178,4.8609
25.1894,13.0597
22.4454,13.4413
25.6810,8.4624
25.1894,13.0597
32.8800,4.4600
31.8456,9.3703
31.6521,9.5409
36.3833,21.8833
33.8100,9.2400
31.6521,9.5409
31.3200,6.9100
31.5620,6.2144
28.2557,4.6469
28.4104,4.5710
28.2557,4.6469
31.5600,4.3400
28.2557,4.6469
24.8906,12.0556
33.7165,4.8781
29.6995,6.8187
29.6995,6.8187
26.0531,15.3910
26.2479,15.5879
28.4349,9.5952
23.3117,13.4771
23.3117,13.4771
28.5740,4.3823
28.0071,7.7177
29.6995,6.8187
24.8906,12.0556
24.8906,12.0556
24.8906,12.0556
32.4549,15.6447
32.4549,15.6447
32.5364,15.5725
24.8016,8.4636
24.8016,8.4636
25.6810,8.4624
25.6810,8.4624
25.6810,8.4624
25.1743,10.8144
31.5620,6.2144
31.5620,6.2144
31.6178,4.8609
31.5620,6.2144
31.3667,-26.4833
1.2228,6.1319
1.2228,6.1319
1.2228,6.1319
1.2228,6.1319
10.1658,36.8190
34.6575,2.5329
29.7000,-0.6666
33.5728,0.2831
32.5669,0.3508
34.6000,2.2000
34.7631,2.5922
32.3850,0.7517
34.9500,1.9500
32.5656,0.3156
30.9867,3.4114
32.5656,0.3156
30.4436,-0.6192
32.4731,0.8492
31.8014,3.6536
34.6575,2.5329
33.7211,3.5339
33.7211,3.5339
31.1025,2.4758
32.5667,0.3333
33.9541,0.9155
33.2042,0.4244
30.9308,3.0192
32.5656,0.3156
30.6333,0.6166
32.6167,0.2500
34.7422,2.5914
32.5667,0.3333
34.7136,1.8144
34.6667,1.9167
34.6050,2.4783
32.5656,0.3156
34.7422,2.5914
34.7422,2.5914
34.6575,2.5329
34.6575,2.5329
32.5500,0.3000
33.2167,3.0500
33.4839,3.3819
33.9000,3.6167
34.2347,3.6442
31.7150,1.6744
32.5656,0.3156
32.5656,0.3156
33.6131,0.7697
31.5086,1.2639
31.6833,0.2833
29.9519,-0.8611
29.9519,-0.8611
33.0106,0.3375
32.9200,0.5000
33.6164,1.6856
34.1667,1.0333
34.1667,1.0333
34.1667,1.0333
34.1667,1.0333
33.9339,3.2936
31.4333,1.4667
34.3308,0.9967
31.0833,1.4167
32.5656,0.3156
32.0452,0.4015
32.6000,0.3833
31.7274,3.6527
31.7500,3.2500
31.7274,3.6527
31.7274,3.6527
32.3136,0.2250
32.4594,0.4044
32.5500,0.3000
32.5500,0.3000
32.4833,0.3000
32.7553,0.3533
32.0452,0.4015
31.7341,-0.3338
32.4731,0.8492
32.5656,0.3156
32.5656,0.3156
32.5669,0.3508
32.5669,0.3508
33.0106,0.3375
32.5500,0.3000
32.5656,0.3156
32.5656,0.3156
32.5656,0.3156
34.6575,2.5329
34.3975,2.4403
33.2042,0.4244
34.6575,2.5329
32.5656,0.3156
31.7431,2.2508
30.7500,-0.4167
30.7500,-0.4167
32.5656,0.3156
34.6575,2.5329
34.6575,2.5329
34.6575,2.5329
34.6575,2.5329
34.2000,2.0833
30.9867,3.4114
30.9867,3.4114
31.7274,3.6527
31.7569,-0.1667
34.6575,2.5329
34.6575,2.5329
34.6167,2.0000
34.6167,2.0000
32.5656,0.3156
31.9833,0.5667
31.9833,0.5667
29.6983,-1.3539
34.2347,3.6442
34.7136,1.7219
34.7136,1.7219
33.7667,0.9500
32.8167,2.6500
34.7833,1.9167
34.7833,1.9167
31.2859,30.0771
29.9192,31.1981
31.2859,30.0771
31.8133,31.4165
30.8418,29.3099
32.8994,24.0908
31.2826,29.9829
31.3807,31.0364
31.2859,30.0771
31.2859,30.0771
29.9192,31.1981
29.9192,31.1981
29.9192,31.1981
31.2859,30.0771
31.0019,30.7885
31.2859,30.0771
31.2859,30.0771
31.6210,26.7063
31.6210,26.7063
30.9401,31.1143
29.9192,31.1981
31.3191,30.1310
33.7984,31.1316
32.7267,26.1642
31.2859,30.0771
34.2369,31.2878
31.2859,30.0771
33.7984,31.1316
33.7984,31.1316
33.7984,31.1316
31.3667,30.6667
29.9192,31.1981
34.2369,31.2878
31.7167,26.5667
34.2369,31.2878
34.2369,31.2878
32.5263,29.9737
32.2723,30.6043
32.3167,30.8667
33.7984,31.1316
31.1837,27.1810
31.1837,27.1810
31.2859,30.0771
31.2859,30.0771
32.5628,29.9314
32.7267,26.1642
34.2369,31.2878
31.2859,30.0771
31.2859,30.0771
31.2859,30.0771
31.2859,30.0771
32.9000,-2.5166
32.6500,-2.6666
39.1833,-6.1667
39.2833,-6.8167
39.2833,-6.8167
32.1667,-2.8666
34.8333,-2.3333
34.8333,-2.3333
39.2833,-6.8167
-1.5247,12.3703
28.3833,-13.1166
28.3833,-13.1166
28.2833,-15.4166
28.2833,-15.4166
28.3000,-15.4300
28.3000,-15.4300
28.2000,-12.8200
28.2000,-12.8200
28.2833,-15.4166
28.2833,-15.4166
28.2000,-12.8200
28.2000,-12.8200
28.2667,-15.3833
28.2667,-15.3833
28.2833,-15.4166
28.2833,-15.4166
31.1700,-10.6500
31.1700,-10.6500
28.2833,-15.4166
28.2833,-15.4166
32.6500,-13.6333
28.2000,-12.8200
32.6500,-13.6333
28.2000,-12.8200
28.2833,-15.4166
28.2833,-15.4166
28.2000,-12.8200
28.2000,-12.8200
28.2833,-15.4166
28.2833,-15.4166
28.2833,-15.4166
28.2000,-12.8200
28.2833,-15.4166
30.2167,-14.8333
28.2000,-12.8200
30.2167,-14.8333
28.2833,-15.4166
28.2833,-15.4166
28.2833,-15.4166
28.2833,-15.4166
28.2833,-15.4166
28.2833,-15.4166
28.2833,-15.4166
28.2833,-15.4166
28.6333,-10.1166
28.2833,-15.4166
27.8500,-12.5333
27.8500,-12.5333
26.4000,-12.1833
28.6333,-12.9666
32.6500,-13.6333
