lng,lat
3.0420,36.7525
-0.6414,35.1939
3.0420,36.7525
4.5419,35.7058
5.0833,36.7500
2.1019,34.1089
1.9679,36.2641
3.0420,36.7525
3.9014,36.3800
2.4475,36.5897
3.6181,36.7233
8.1242,35.4042
3.5567,36.7254
2.3615,36.0444
3.2500,34.6667
2.4475,36.5897
4.4364,36.3272
4.2500,36.8667
4.2500,36.8667
3.4772,36.7664
3.5933,36.5646
6.1786,35.5553
4.1198,36.8886
3.3308,36.6500
8.1242,35.4042
3.0420,36.7525
3.8065,36.6729
1.3833,35.6833
3.8942,36.5483
-1.3150,34.8783
5.0833,36.7500
6.7119,36.5322
3.4948,36.7305
3.4948,36.7305
4.7750,36.0750
1.9679,36.2641
3.3308,36.6500
4.1198,36.8886
4.2500,36.8667
3.6000,34.1833
6.1786,35.5553
3.6181,36.7233
4.6972,36.6664
4.1198,36.8886
2.2703,35.8658
-1.3150,34.8783
-1.3150,34.8783
4.1198,36.8886
3.0420,36.7525
4.1333,36.4500
5.3060,36.5650
4.1198,36.8886
3.5933,36.5646
4.2667,36.8000
6.5303,36.9064
8.1242,35.4042
3.5912,36.6677
4.0654,36.8638
5.5228,22.7850
4.1198,36.8886
5.7667,36.8000
4.5419,35.7058
5.7058,36.4119
8.1242,35.4042
4.1198,36.8886
4.1198,36.8886
0.2523,29.5950
4.0459,36.7118
4.0459,36.7118
4.0459,36.7118
4.0459,36.7118
7.0048,35.0384
4.4200,36.8931
3.8572,36.8169
3.8572,36.8169
5.0311,35.9441
4.5419,35.7058
3.0420,36.7525
4.3116,36.7936
3.9004,36.7441
3.5933,36.5646
4.2000,36.5833
1.6861,36.2695
3.6036,36.7853
3.4772,36.7664
7.7672,35.1182
4.6750,36.6917
8.1242,35.4042
8.1242,35.4042
3.7173,36.7433
3.5933,36.5646
3.6181,36.7233
3.9014,36.3800
3.8572,36.8169
3.6897,36.8006
4.4365,36.7305
3.9531,36.5422
6.8632,33.3561
4.2833,36.4667
4.3116,36.7936
3.5933,36.5646
-0.6414,35.1939
2.2500,28.5000
3.4772,36.7664
4.3155,36.7523
3.0420,36.7525
3.0420,36.7525
7.6716,34.3066
3.4772,36.7664
3.7205,36.8778
1.4434,36.5358
3.6897,36.8006
3.4948,36.7305
3.7173,36.7433
3.8749,36.7066
3.8749,36.7066
3.8749,36.7066
5.4667,36.5500
3.6672,36.7227
3.5773,36.6108
3.0420,36.7525
5.7667,36.8000
3.0420,36.7525
3.0961,36.6665
3.0570,36.7541
3.0420,36.7525
3.0420,36.7525
3.0420,36.7525
3.0420,36.7525
3.4772,36.7664
12.1871,-5.5758
12.1871,-5.5758
13.2344,-8.8383
13.2344,-8.8383
12.3689,-6.1349
13.2344,-8.8383
13.2344,-8.8383
12.3689,-6.1349
12.8833,-4.4500
25.9086,-24.6945
25.9711,-24.6686
25.9711,-24.6686
30.5528,-3.2186
29.9308,-3.4264
29.4026,-3.1703
29.5426,-3.8198
29.7342,-2.8764
29.3580,-3.3772
29.1101,-2.7560
29.3580,-3.3772
29.3580,-3.3772
30.0683,-2.6256
29.9308,-3.4264
30.2390,-3.5900
29.3580,-3.3772
29.3580,-3.3772
29.3580,-3.3772
30.0119,-3.6604
29.9308,-3.4264
29.7033,-3.5113
29.6244,-3.9488
29.8306,-2.9075
29.9920,-3.9279
29.9920,-3.9279
29.9308,-3.4264
29.9035,-3.7477
30.2177,-2.5286
29.3333,-3.3333
29.7782,-3.3750
29.8078,-3.4681
29.9917,-2.6075
29.3910,-3.0804
30.0959,-2.5845
30.3414,-2.8451
30.3414,-2.8451
30.2486,-3.4764
29.5451,-3.4693
30.2486,-3.4764
29.2919,-3.3158
29.3580,-3.3772
30.3414,-2.8451
29.8306,-2.9075
29.8306,-2.9075
30.1036,-2.6988
29.3580,-3.3772
29.3580,-3.3772
29.6925,-3.3358
29.3792,-3.3747
30.1394,-2.6003
29.2420,-2.7088
29.3580,-3.3772
30.3500,-3.0166
30.3088,-3.1346
30.0959,-2.5845
29.3580,-3.3772
29.3580,-3.3772
29.3580,-3.3772
29.3580,-3.3772
29.3584,-3.3692
29.6293,-2.9221
29.3766,-3.3339
30.3414,-2.8451
29.3910,-3.0804
29.6293,-2.9221
29.3580,-3.3772
29.3580,-3.3772
29.3910,-3.0804
29.3694,-3.3735
29.3580,-3.3772
29.3580,-3.3772
29.4512,-3.2189
29.6265,-3.2696
29.3580,-3.3772
29.3597,-3.4583
29.3584,-3.3692
29.6265,-3.2696
29.6293,-2.9221
29.3597,-3.4583
29.3910,-3.0804
29.8622,-3.3647
29.6293,-2.9221
30.3414,-2.8451
29.3580,-3.3772
29.3580,-3.3772
29.1248,-2.8869
29.3442,-3.6303
29.2993,-3.2662
29.5945,-3.0204
29.2993,-3.2662
29.2500,-3.3333
29.3580,-3.3772
29.2057,-2.8881
29.3580,-3.3772
29.2057,-2.8881
29.3747,-3.4158
29.3747,-3.4158
29.4512,-3.2189
29.4512,-3.2189
30.5528,-3.2186
30.5528,-3.2186
29.7069,-4.1726
29.3580,-3.3772
29.3580,-3.3772
9.2410,4.1527
9.2149,4.0242
9.2149,4.0242
8.5948,4.5663
8.5948,4.5663
8.5948,4.5663
8.5948,4.5663
11.5167,3.8667
9.7084,4.0469
9.7084,4.0469
9.7084,4.0469
8.5948,4.5663
8.5948,4.5663
9.5000,5.8333
9.5000,5.8333
25.3131,6.0430
25.3131,6.0430
25.3131,6.0430
17.6466,5.2662
26.4946,5.4039
26.4946,5.4039
23.9284,4.9708
18.5866,4.3620
17.6466,5.2662
27.0000,5.3667
25.9382,5.3096
23.9284,4.9708
23.1167,4.8333
22.7500,4.6667
22.7500,4.6667
22.7500,4.6667
21.5333,6.3667
26.4946,5.4039
26.4946,5.4039
25.1294,5.0243
24.4611,5.1098
22.7500,4.6667
17.4541,6.4934
16.4342,7.2452
16.4342,7.2452
16.4342,7.2452
20.0208,4.9806
23.9284,4.9708
24.4611,5.1098
23.9284,4.9708
23.9284,4.9708
23.9284,4.9708
24.4611,5.1098
23.9284,4.9708
23.9284,4.9708
23.2598,6.5081
23.9284,4.9708
21.9914,6.5374
26.4946,5.4039
18.2851,7.3010
18.5866,4.3620
22.8222,4.7401
18.5866,4.3620
18.2851,7.3010
26.4946,5.4039
23.9284,4.9708
25.9382,5.3096
23.9170,4.9940
23.9170,4.9940
25.9382,5.3096
25.1294,5.0243
24.4611,5.1098
23.9170,4.9940
23.9170,4.9940
24.4611,5.1098
25.9382,5.3096
25.1294,5.0243
25.9382,5.3096
25.1294,5.0243
23.0591,4.8280
26.4946,5.4039
26.4946,5.4039
22.8222,4.7401
24.4611,5.1098
23.9284,4.9708
26.4946,5.4039
20.6480,8.4120
24.4611,5.1098
24.4611,5.1098
24.4611,5.1098
26.4946,5.4039
23.9284,4.9708
22.8222,4.7401
20.6480,8.4120
20.6480,8.4120
20.6480,8.4120
20.6480,8.4120
20.6480,8.4120
22.8222,4.7401
26.4946,5.4039
22.8222,4.7401
26.4946,5.4039
25.9382,5.3096
22.7934,10.2730
23.9284,4.9708
26.4946,5.4039
25.9382,5.3096
25.1294,5.0243
25.1294,5.0243
25.1294,5.0243
25.9382,5.3096
25.1294,5.0243
25.1294,5.0243
25.1294,5.0243
25.1294,5.0243
25.1294,5.0243
23.9284,4.9708
23.9284,4.9708
23.9284,4.9708
24.4611,5.1098
23.9284,4.9708
23.9284,4.9708
25.9382,5.3096
25.9382,5.3096
25.9382,5.3096
25.9382,5.3096
26.4946,5.4039
23.9284,4.9708
26.4946,5.4039
18.5866,4.3620
25.3131,6.0430
26.4946,5.4039
23.3130,5.4834
22.7934,10.2730
23.3130,5.4834
23.3000,5.4833
23.9284,4.9708
23.9284,4.9708
26.4946,5.4039
23.9284,4.9708
23.9284,4.9708
23.9284,4.9708
22.7154,10.3456
20.7328,8.3441
22.7817,5.7019
18.8127,4.5382
20.6480,8.4120
23.3130,5.4834
21.4000,6.0167
21.9914,6.5374
25.1294,5.0243
21.1966,6.2601
22.7934,10.2730
22.7934,10.2730
22.7934,10.2730
22.7934,10.2730
21.5993,7.3632
22.8643,6.1376
22.8643,6.1376
22.8023,8.8942
22.8023,8.8942
22.8023,8.8942
22.8023,8.8942
22.8023,8.8942
22.8023,8.8942
22.8023,8.8942
21.9914,6.5374
22.8023,8.8942
23.2622,8.5186
23.2622,8.5186
23.2598,6.5081
26.4946,5.4039
22.7032,9.3816
23.2598,6.5081
23.2598,6.5081
22.1379,9.5596
22.7934,10.2730
22.7934,10.2730
22.7037,9.2705
21.1966,6.2601
21.1966,6.2601
21.1966,6.2601
22.7934,10.2730
20.6542,5.7648
20.6542,5.7648
21.0561,5.4639
18.5866,4.3620
18.5866,4.3620
26.4946,5.4039
26.4946,5.4039
22.7934,10.2730
22.7934,10.2730
22.7934,10.2730
22.7934,10.2730
22.7934,10.2730
15.0482,12.1085
15.7006,13.9547
15.0482,12.1085
21.8167,13.5833
15.7006,13.9547
15.7006,13.9547
15.0482,12.1085
20.8166,13.8166
15.0482,12.1085
22.2500,15.1166
18.0700,1.6400
15.2800,-4.2600
15.2800,-4.2600
15.2800,-4.2600
18.4000,2.1500
27.8997,4.1416
27.8997,4.1416
27.7667,4.3300
27.7667,4.3300
27.6756,4.7217
27.6756,4.7217
28.8742,3.6927
28.8742,3.6927
28.8742,3.6927
28.8742,3.6927
27.8997,4.1416
27.8997,4.1416
27.8997,4.1416
27.8997,4.1416
27.5000,0.2000
27.8997,4.1416
30.2500,1.5667
27.8997,4.1416
26.4667,3.8833
27.7667,4.3300
28.4167,4.1500
26.4667,3.8833
29.9277,1.0497
27.9333,2.1833
27.9333,2.1833
30.2500,1.5667
29.9167,1.1000
27.6756,4.7217
25.1896,0.5147
29.0334,-1.0559
25.1896,0.5147
28.8742,3.6927
27.5655,2.8698
28.8742,3.6927
27.8997,4.1416
28.8742,3.6927
28.5667,3.6167
28.8742,3.6927
28.5667,3.6167
30.7970,3.5613
30.7970,3.5613
24.4833,-6.1333
28.8667,-2.5000
28.8667,-2.5000
28.8667,-2.5000
27.7667,4.3300
27.6756,4.7217
27.6756,4.7217
27.6756,4.7217
27.6756,4.7217
27.6756,4.7217
27.6756,4.7217
28.8742,3.6927
28.8742,3.6927
28.8742,3.6927
28.8742,3.6927
28.8742,3.6927
27.5655,2.8698
28.8742,3.6927
27.5655,2.8698
27.5655,2.8698
27.5655,2.8698
28.8742,3.6927
27.5655,2.8698
28.8742,3.6927
28.8742,3.6927
28.8742,3.6927
27.5655,2.8698
29.2339,-1.6933
28.8742,3.6927
27.5655,2.8698
28.8742,3.6927
27.5655,2.8698
28.8742,3.6927
27.5655,2.8698
28.1004,-3.3011
28.8742,3.6927
27.5655,2.8698
28.8742,3.6927
27.5655,2.8698
30.8414,2.8622
29.4461,-1.1869
29.4461,-1.1869
29.4461,-1.1869
29.1378,-3.3953
29.1378,-3.3953
27.3000,2.5167
29.1378,-3.3953
24.6316,4.7493
28.8667,-2.5000
28.0726,-1.4281
26.4667,3.8833
29.2339,-1.6933
27.6756,4.7217
27.6756,4.7217
27.6756,4.7217
27.6756,4.7217
27.6756,4.7217
27.6756,4.7217
28.7500,4.2333
28.7500,4.2333
26.8449,4.8336
26.7660,4.8300
20.7928,-6.4191
28.0726,-1.4281
28.5667,3.6167
29.7640,1.3651
28.5667,3.6167
28.5667,3.6167
28.8667,-2.5000
29.2339,-1.6933
25.1896,0.5147
27.8997,4.1416
28.5667,3.6167
28.7500,4.2333
27.8997,4.1416
28.5667,3.6167
28.7500,4.2333
27.8997,4.1416
28.5667,3.6167
28.7500,4.2333
27.8997,4.1416
28.5667,3.6167
28.7500,4.2333
27.8997,4.1416
28.5667,3.6167
28.7500,4.2333
27.8997,4.1416
28.5667,3.6167
28.7500,4.2333
27.8997,4.1416
28.5667,3.6167
28.7500,4.2333
27.8997,4.1416
28.5667,3.6167
28.7500,4.2333
27.8997,4.1416
28.5667,3.6167
28.7500,4.2333
27.8997,4.1416
28.5667,3.6167
28.7500,4.2333
28.5245,-1.4614
28.8742,3.6927
26.4667,3.8833
27.4000,2.5500
26.4667,3.8833
28.5667,3.6167
18.2711,0.0468
28.8742,3.6927
18.2711,0.0468
18.2711,0.0468
28.8667,-2.5000
18.2711,0.0468
18.2711,0.0468
18.2711,0.0468
29.4654,0.4966
28.8667,-2.5000
28.8667,-2.5000
27.6756,4.7217
28.9441,-4.3011
28.7500,4.2333
28.8742,3.6927
28.9441,-4.3011
28.9441,-4.3011
29.4654,0.4966
28.6425,-1.4814
26.4667,3.8833
27.6756,4.7217
26.4667,3.8833
27.6756,4.7217
27.6756,4.7217
28.3525,-1.6808
30.9918,2.2999
30.9918,2.2999
30.8414,2.8622
15.3222,-4.3250
29.2339,-1.6933
27.6756,4.7217
29.2339,-1.6933
29.5191,-0.0522
29.5191,-0.0522
23.3667,-2.2667
23.3667,-2.2667
23.3667,-2.2667
28.7500,4.2333
27.3465,-2.6944
26.4667,3.8833
26.4667,3.8833
27.6756,4.7217
28.5667,3.6167
29.0333,-1.3333
29.2339,-1.6933
15.3222,-4.3250
29.2339,-1.6933
15.3222,-4.3250
27.6756,4.7217
28.5667,3.6167
28.5667,3.6167
28.8667,-2.5000
29.5191,-0.0522
30.2500,1.5667
29.4654,0.4966
23.3667,-2.2667
30.2500,1.5667
28.5667,3.6167
29.4654,0.4966
23.3667,-2.2667
23.3667,-2.2667
29.7500,0.3333
29.7500,0.3333
30.2500,1.5667
27.6756,4.7217
27.6756,4.7217
30.2500,1.5667
29.4654,0.4966
28.5667,3.6167
29.4654,0.4966
29.4654,0.4966
29.6833,1.2833
29.4654,0.4966
29.6124,0.8519
29.4654,0.4966
29.6124,0.8519
29.4654,0.4966
29.4654,0.4966
27.6756,4.7217
28.5667,3.6167
28.0726,-1.4281
29.2339,-1.6933
28.0726,-1.4281
29.2339,-1.6933
29.2339,-1.6933
27.6756,4.7217
28.5667,3.6167
29.6124,0.8519
29.4654,0.4966
29.2339,-1.6933
29.2339,-1.6933
29.2339,-1.6933
29.4654,0.4966
28.8667,-2.5000
29.6124,0.8519
29.2339,-1.6933
30.2500,1.5667
30.2500,1.5667
28.5667,3.6167
26.3000,-10.6167
26.3000,-10.6167
26.3000,-10.6167
26.3000,-10.6167
28.5667,3.6167
28.3525,-1.6808
28.0726,-1.4281
29.2925,-1.0906
30.2500,1.5667
27.6756,4.7217
28.7500,4.2333
28.6997,-1.6797
28.8667,-2.5000
28.6997,-1.6797
28.6997,-1.6797
27.8997,4.1416
28.7500,4.2333
28.0726,-1.4281
28.0726,-1.4281
28.0726,-1.4281
28.0726,-1.4281
15.3222,-4.3250
28.0726,-1.4281
15.3222,-4.3250
15.3222,-4.3250
29.4654,0.4966
28.8667,-2.5000
28.0726,-1.4281
22.4178,-5.8958
28.8667,-2.5000
28.8667,-2.5000
28.8667,-2.5000
29.2926,-0.7887
22.4178,-5.8958
29.1644,-3.2338
29.1644,-3.2338
28.9441,-4.3011
28.9441,-4.3011
29.1731,-0.7006
29.2339,-1.6933
29.2339,-1.6933
28.0726,-1.4281
29.2339,-1.6933
29.2339,-1.6933
29.0333,-1.3333
28.8167,-1.4000
28.8167,-1.4000
27.4741,-11.6596
27.4741,-11.6596
28.8667,-2.5000
29.2339,-1.6933
29.2339,-1.6933
2.4333,6.3500
2.4333,6.3500
2.4333,6.3500
2.4333,6.3500
2.4333,6.3500
2.4333,6.3500
2.4333,6.3500
2.4333,6.3500
2.6167,6.4833
2.4333,6.3500
9.7658,1.8639
39.4437,14.5091
39.3850,14.5219
38.4667,7.0500
38.4667,7.0500
39.7500,6.4167
42.1167,8.7333
45.2892,7.5558
43.0167,7.9833
42.3333,9.2167
42.6083,6.2936
43.6167,8.2000
39.3167,9.8833
45.4111,7.0636
41.8667,9.5833
41.8667,9.5833
41.8667,9.5833
42.0783,9.1331
42.7753,9.7858
42.8000,9.3500
42.8000,9.3500
34.5500,7.8500
42.0589,4.1786
42.8000,9.3500
42.8000,9.3500
42.8000,9.3500
42.8000,9.3500
42.8000,9.3500
42.8000,9.3500
42.8000,9.3500
42.8000,9.3500
42.8000,9.3500
42.8000,9.3500
42.8000,9.3500
42.8000,9.3500
41.3406,13.5610
42.8000,9.3500
42.8000,9.3500
38.2833,14.1383
43.5572,8.2206
43.1617,8.8697
43.0667,7.7500
44.3406,6.6153
37.4833,10.5500
44.3406,6.6153
42.8000,9.3500
42.8000,9.3500
42.8000,9.3500
42.8000,9.3500
42.8000,9.3500
43.9000,7.8167
43.9000,7.8167
43.9000,7.8167
43.5667,4.9667
42.4528,10.6658
45.0000,8.0000
43.9000,7.8167
45.2892,7.5558
45.0000,8.0000
45.2892,7.5558
38.7000,9.0333
43.1256,8.8350
43.3821,8.8697
43.1617,8.8697
42.0550,4.1786
42.0589,4.1786
43.9000,7.8167
44.3406,6.6153
42.7753,9.7858
39.1667,11.1667
42.0550,4.1786
42.0589,4.1786
43.9000,7.8167
44.3406,6.6153
45.3000,5.3000
42.7753,9.7858
42.3333,9.2167
44.3406,6.6153
42.4528,10.6658
37.2167,13.7667
38.1667,9.9167
38.7000,9.0333
39.4000,7.0000
37.7833,8.8667
43.5572,8.2206
42.8000,9.3500
42.8000,9.3500
37.9333,14.4000
42.8000,9.3500
39.1667,11.1667
39.0000,8.0000
38.8333,14.1667
43.8075,6.1056
42.8000,9.3500
40.6400,8.7200
39.4667,13.5000
43.5878,9.2169
38.7000,9.0333
43.1303,6.0225
38.7000,9.0333
38.8167,11.7333
40.6400,8.7200
43.4964,9.1656
42.2333,7.4500
42.2333,7.4500
42.8000,9.3500
44.1567,8.2561
44.2781,6.7400
43.5572,8.2206
42.8000,9.3500
44.8622,5.6978
38.7000,9.0333
39.3333,4.0833
42.1167,9.3167
42.8000,9.3500
44.3406,6.6153
44.3406,6.6153
38.2833,9.2333
39.5667,7.9833
42.8000,9.3500
44.3406,6.6153
43.5572,8.2206
42.8000,9.3500
42.3333,9.2167
43.5833,7.6667
42.8000,9.3500
42.1167,9.3167
44.3406,6.6153
42.3333,9.2167
41.7167,9.3167
43.5000,6.5167
35.0500,9.0333
43.1303,6.0225
44.7636,6.0917
39.0000,8.0000
39.0000,8.0000
44.2000,7.0833
43.1256,8.8350
42.8000,9.3500
42.8000,9.3500
42.8000,9.3500
43.1747,9.1036
38.7000,9.0333
43.5000,6.5167
35.0500,9.0333
43.1303,6.0225
44.7636,6.0917
44.2000,7.0833
42.1333,10.1833
42.7753,9.7858
42.1333,10.1833
42.7753,9.7858
42.8000,9.3500
42.8000,9.3500
42.8000,9.3500
42.8000,9.3500
42.8000,9.3500
45.0000,8.0000
42.8000,9.3500
42.8000,9.3500
42.8000,9.3500
45.0000,8.0000
38.7000,9.0333
42.5308,9.4133
43.6167,8.2000
42.8000,9.3500
38.7000,9.0333
43.5572,8.2206
40.6400,8.7200
40.6400,8.7200
42.3333,9.2167
42.8000,9.3500
40.7833,8.1667
40.7833,8.1667
39.7500,6.4167
34.5833,8.2500
34.5000,7.5833
39.0833,3.5692
43.5572,8.2206
43.5572,8.2206
43.5572,8.2206
43.5572,8.2206
39.0833,3.5692
38.7000,9.0333
37.0000,7.7167
44.2781,6.7400
44.2781,6.7400
40.7833,8.1667
40.9167,7.7167
38.1833,9.8333
39.4292,14.6983
39.4167,15.7000
39.0022,14.9314
43.1481,11.5950
43.1481,11.5950
42.8844,11.7853
42.8844,11.7853
43.0531,11.8517
43.2906,11.9631
43.0531,11.8517
43.2906,11.9631
43.0531,11.8517
43.1481,11.5950
9.4544,0.3901
9.4544,0.3901
9.4544,0.3901
-16.5775,13.4531
-16.5775,13.4531
-16.5775,13.4531
-16.3000,13.2200
-0.1969,5.5560
0.1000,10.5167
-0.1969,5.5560
-0.2500,11.0500
-1.6219,6.6962
-0.1969,5.5560
-1.6219,6.6962
-1.4662,7.1204
-1.6219,6.6962
-0.1969,5.5560
-0.1969,5.5560
-0.1969,5.5560
-0.0167,5.6167
-8.8238,7.7472
-8.8238,7.7472
-8.8238,7.7472
-10.0500,11.8200
-10.0500,11.8200
-10.0500,11.8200
-10.0500,11.8200
-10.0500,11.8200
-12.9667,11.6000
-13.7122,9.5091
-13.7122,9.5091
-13.3769,9.7056
-13.7122,9.5091
-13.7122,9.5091
-13.7122,9.5091
-13.7122,9.5091
-13.7122,9.5091
-13.7122,9.5091
-13.7122,9.5091
-11.1166,10.7500
-12.2833,11.3182
-13.6500,9.5800
-13.6306,9.5980
-13.6306,9.5980
-12.2833,11.3182
-4.0281,5.3411
-4.0281,5.3411
-4.0281,5.3411
-4.0281,5.3411
-4.0281,5.3411
-4.0281,5.3411
-8.1597,7.2628
-4.9308,7.6789
-8.1597,7.2628
-4.9308,7.6789
-7.5475,7.4053
-6.4778,7.3819
-6.4778,7.3819
-4.0281,5.3411
-3.9631,7.0591
-4.7000,6.6500
-2.8000,8.0333
-3.4964,6.7297
-3.4964,6.7297
-4.9308,7.6789
-3.9631,7.0591
-4.7000,6.6500
-2.8000,8.0333
-5.2833,6.8167
-4.0281,5.3411
-4.0281,5.3411
-5.0167,7.6833
-4.9308,7.6789
-5.5797,7.6761
-5.2833,6.8167
-4.9308,7.6789
-4.9308,7.6789
-2.8000,8.0333
-2.8000,8.0333
-5.0167,7.6833
-5.0167,7.6833
-6.5833,6.4833
-5.9333,6.1333
-5.9333,6.1333
-5.9333,6.1333
-5.9333,6.1333
-3.9631,7.0591
-4.3425,7.4569
-4.9850,7.7883
-6.6731,7.9611
-5.0167,7.6833
-5.0167,7.6833
-7.5475,7.4053
-5.6333,9.4500
-4.9308,7.6789
-4.9308,7.6789
-4.0281,5.3411
-4.0281,5.3411
-4.0281,5.3411
-5.4167,6.3833
-5.0167,6.5500
-6.4519,6.8747
-6.4519,6.8747
-6.4519,6.8747
-6.4519,6.8747
-5.0167,7.6833
-5.0167,7.6833
-7.5475,7.4053
-4.0281,5.3411
-4.0281,5.3411
-4.0281,5.3411
-4.0281,5.3411
-7.5692,9.5100
-4.0281,5.3411
-5.0776,7.5116
-5.0167,7.6833
-4.2214,5.9342
-6.4519,6.8747
-6.5833,6.4833
-4.0281,5.3411
-4.0281,5.3411
-5.9543,6.4648
-4.0281,5.3411
-5.4167,6.3833
-4.0281,5.3411
-7.5475,7.4053
-4.0281,5.3411
-2.8000,8.0333
-6.4519,6.8747
-6.4519,6.8747
-4.0281,5.3411
-8.1597,7.2628
-4.0281,5.3411
-4.0281,5.3411
-4.0281,5.3411
-4.0281,5.3411
-4.0281,5.3411
-4.0281,5.3411
-4.0281,5.3411
-4.0281,5.3411
-5.0167,7.6833
-5.0776,7.5116
-4.0281,5.3411
-4.0281,5.3411
-6.5833,6.4833
-4.0281,5.3411
-4.0281,5.3411
-5.2206,7.1631
-8.1597,7.2628
-4.0281,5.3411
-4.0281,5.3411
-4.0281,5.3411
-5.2833,6.8167
-4.0281,5.3411
-5.2206,7.1631
-4.0281,5.3411
-4.0281,5.3411
-4.0281,5.3411
-4.0281,5.3411
-4.0281,5.3411
-4.0281,5.3411
-4.0281,5.3411
-4.0281,5.3411
-4.0281,5.3411
-8.1597,7.2628
-4.0281,5.3411
-4.0281,5.3411
-4.0281,5.3411
-4.0281,5.3411
-4.0281,5.3411
-4.0281,5.3411
35.6640,-1.0030
36.0833,-0.3000
36.8167,-1.2833
36.8167,-1.2833
36.8167,-1.2833
36.8167,-1.2833
36.8167,-1.2833
36.8167,-1.2833
36.8167,-1.2833
36.8167,-1.2833
36.8167,-1.2833
36.8167,-1.2833
35.9333,4.5333
35.9333,4.5333
36.0000,3.5000
34.9167,-0.5666
35.2000,-0.6333
34.5606,0.5635
36.8167,-1.2833
39.7450,-3.9499
34.2837,4.4051
34.2837,4.4051
35.2833,0.5167
37.6500,0.0500
36.8167,-1.2833
39.6667,-4.0500
35.9333,4.5333
36.0833,-0.3000
36.9500,-0.4167
36.8167,-1.2833
35.5973,3.1191
36.8167,-1.2833
39.6667,-4.0500
39.6667,-4.0500
39.6667,-4.0500
37.5822,0.3546
40.8723,0.3534
39.2167,-3.9667
35.5077,0.6702
38.0167,-2.9833
40.1833,3.5500
36.6333,-1.0167
40.8771,0.5367
35.0333,3.1500
34.5606,0.5635
36.6980,1.0968
39.6333,-4.0166
36.0000,-0.6000
34.6424,-0.7939
37.0667,-0.4167
35.2833,0.5167
36.6868,-1.3229
36.8170,-1.2903
39.6667,-4.0500
36.9500,-0.4167
37.5822,0.3546
36.7833,-1.2000
36.4285,-0.7202
36.4285,-0.7202
36.8167,-1.2833
36.7124,1.7828
34.7500,-0.1000
37.3833,-2.7500
34.7500,-0.1000
36.8167,-1.2833
36.8167,-1.2833
41.8542,3.9357
39.6461,-0.4536
34.7500,0.2833
36.8167,-1.2833
36.8167,-1.2833
40.8723,0.3534
34.5833,0.7333
38.5561,-3.3961
38.0000,1.0000
36.4285,-0.7202
34.7500,0.2833
39.6667,-4.0500
37.2667,-1.5167
37.2803,-0.4989
35.3500,-0.7833
36.8170,-1.2903
35.5973,3.1191
36.8167,-1.2833
36.8167,-1.2833
34.4667,-1.0667
36.0833,-0.3000
39.6667,-4.0500
40.1200,-3.2200
37.3101,-0.4309
34.4667,0.2000
37.3000,-0.1667
39.5667,-4.0000
36.8167,-1.2833
35.5973,3.1191
36.8167,-1.2833
34.4864,0.3351
35.5973,3.1191
36.6980,1.0968
39.6461,-0.4536
40.9020,-2.2717
35.0927,1.2577
35.3500,-0.0667
41.8542,3.9357
39.6667,-4.0500
36.8247,-1.3042
40.1200,-2.2697
39.6667,-4.0500
39.0528,3.5094
37.1251,-0.4817
33.9385,-0.8827
36.8167,-1.2833
34.7500,0.2833
38.6500,3.5500
38.6500,3.5500
37.6333,-0.5833
37.6333,-0.5833
38.5561,-3.3961
38.5561,-3.3961
38.5561,-3.3961
39.8500,-3.6333
36.8167,-1.2833
36.0000,3.5000
39.6667,-4.0500
35.9333,4.5333
39.0528,3.5094
37.0667,3.3167
40.0600,1.7500
36.8167,-1.2833
40.9020,-2.2717
39.6667,-4.0500
35.2833,0.5167
36.0358,1.9516
35.6333,1.7333
36.8167,-1.2833
36.8167,-1.2833
36.0000,-0.6000
36.0833,-0.3000
35.5973,3.1191
39.6833,-4.0333
35.5973,3.1191
35.0000,1.0167
38.6500,3.5500
36.9500,-0.4167
38.9167,2.7333
39.0528,3.5094
37.2667,-1.5167
36.9667,-1.1500
35.0000,-0.7500
36.8167,-1.2833
35.0167,-0.8667
34.9000,-0.7833
36.0000,-0.6000
39.6833,-4.0333
36.8167,-1.2833
36.7833,1.7833
36.9667,-1.1500
36.8167,-1.2833
34.7500,-0.1000
36.8167,-1.2833
27.4833,-29.3167
27.4833,-29.3167
27.4833,-29.3167
-10.7178,6.2756
-9.7524,8.4226
-9.7524,8.4226
-10.8000,6.3100
-10.8000,6.3100
-7.7200,4.3800
-10.8000,6.3100
-8.0833,5.9167
-8.0833,5.9167
-9.7524,8.4226
-10.8000,6.3100
12.5716,32.7567
13.7148,32.7450
13.1800,32.8925
13.1800,32.8925
13.1800,32.8925
13.1800,32.8925
47.5167,-18.9386
47.5167,-18.9386
47.5167,-18.9386
47.5167,-18.9386
47.5167,-18.9386
47.5167,-18.9386
47.5167,-18.9386
47.5167,-18.9386
49.8167,-17.1167
47.5167,-18.9386
47.5167,-18.9386
47.5167,-18.9386
47.5167,-18.9386
47.5167,-18.9386
47.5167,-18.9386
47.5167,-18.9386
47.5167,-18.9386
35.5000,-16.0333
35.0000,-15.7833
33.7833,-13.9833
1.4100,18.4400
-8.0000,12.6500
-8.0000,12.6500
-8.0000,12.6500
-3.0056,16.7705
-0.0447,16.2717
-9.1442,14.4547
1.4100,18.4400
-3.0056,16.7705
-3.0056,16.7705
-3.0056,16.7705
-3.0056,16.7705
-3.0056,16.7705
1.4100,18.4400
-3.0056,16.7705
-3.0056,16.7705
2.8575,19.9625
-8.0000,12.6500
-16.0406,18.1194
-5.7900,25.3700
-16.0406,18.1194
-16.0406,18.1194
-16.0406,18.1194
-16.0406,18.1194
-16.0406,18.1194
-7.2535,16.6162
-7.2535,16.6162
-16.0406,18.1194
-16.0406,18.1194
-7.2535,16.6162
-16.0406,18.1194
-16.0406,18.1194
-16.0406,18.1194
-13.1880,27.1418
-6.8326,34.0133
-6.8326,34.0133
-4.9998,34.0372
-2.9287,35.1740
-2.9383,35.2937
-13.1880,27.1418
-13.1880,27.1418
-7.6192,33.5928
-6.7985,34.0531
-13.1880,27.1418
-13.1880,27.1418
-13.1880,27.1418
-13.1880,27.1418
-7.6192,33.5928
-6.9063,32.8811
39.2647,-15.1197
39.1258,-15.9742
36.9778,-15.4669
34.3906,-17.9644
32.5981,-25.9536
32.4572,-25.8292
32.5892,-25.9653
32.6764,-25.7369
34.8389,-19.8436
34.8389,-19.8436
32.4589,-25.9622
32.6183,-25.8808
32.5892,-25.9653
32.5892,-25.9653
32.5892,-25.9653
32.5892,-25.9653
32.5892,-25.9653
33.4833,-19.1164
32.5892,-25.9653
32.5892,-25.9653
33.5867,-16.1564
34.7317,-20.1550
31.9953,-25.4428
34.8389,-19.8436
39.9144,-11.7878
17.1008,-22.5789
18.1333,-26.5833
17.0836,-22.5700
15.7667,-17.7833
17.0836,-22.5700
17.0603,-22.5231
18.1333,-26.5833
17.3333,-21.6667
20.7500,-21.8333
15.0833,-18.0000
17.0978,-22.5465
17.0836,-22.5700
4.7800,15.6200
2.1200,13.5200
2.1200,13.5200
2.1200,13.5200
2.0866,14.3188
2.1200,13.5200
6.6444,17.4175
2.1200,13.5200
7.3900,18.7400
7.3900,18.7400
5.6767,5.8941
5.7500,5.5167
5.6275,6.3350
5.5833,6.3833
5.7500,5.5167
5.1792,5.5801
9.8433,10.3134
5.6275,6.3350
9.8433,10.3134
5.7500,5.5167
9.1716,6.6674
9.1716,6.6674
9.1716,6.6674
8.4259,4.7516
9.8433,10.3134
6.6284,6.1767
7.4258,6.3144
7.4258,6.3144
7.4258,6.3144
7.0050,8.8672
7.0919,8.9414
7.5022,6.4426
7.4258,6.3144
7.4258,6.3144
7.4258,6.3144
7.0724,6.1100
5.6275,6.3350
7.5333,9.0833
7.0134,4.7774
7.8893,5.5342
7.2175,5.7687
7.4243,11.5545
4.8353,7.0932
7.0134,4.7774
8.8500,9.7167
8.8921,9.9285
8.8921,9.9285
8.8921,9.9285
7.3927,6.8561
7.3927,6.8561
6.4105,5.6503
8.9000,9.5333
8.9000,9.5333
8.7833,9.7333
9.1167,9.1167
8.8167,9.7833
8.7667,9.6333
8.7667,9.6333
8.8500,9.7167
8.8921,9.9285
8.8921,9.9285
8.8833,9.7500
8.9500,9.8000
8.8640,9.7940
8.8640,9.7940
8.8640,9.7940
3.3958,6.4531
8.8921,9.9285
8.8500,9.7167
8.8921,9.9285
8.8921,9.9285
9.4500,9.3333
9.1000,9.5167
8.8921,9.9285
8.8921,9.9285
8.9000,9.5333
3.3375,6.5942
5.7500,5.5167
7.4383,10.5222
4.8000,7.9500
5.7543,5.4859
5.6275,6.3350
7.4896,5.5263
8.5121,7.7411
3.9159,6.8161
3.9159,6.8161
6.7500,6.1833
8.3333,4.9667
6.8312,5.4416
4.8167,7.5000
7.0304,5.4833
3.3958,6.4531
5.2323,7.4913
8.0434,6.2310
7.5333,9.0833
6.2642,4.9247
3.3375,6.5942
5.7500,7.5167
5.7500,7.5167
4.1333,8.0167
8.5167,8.4833
4.3646,11.2476
4.3646,11.2476
7.0134,4.7774
8.5167,8.4833
5.6275,6.3350
11.3089,9.8142
4.5667,7.7667
11.3089,9.8142
13.1603,11.8464
11.3089,9.8142
11.3089,9.8142
5.6275,6.3350
9.8433,10.3134
7.5333,9.0833
5.6275,6.3350
5.6275,6.3350
5.6275,6.3350
6.2538,7.5456
8.8000,9.5500
8.1169,6.3163
7.5756,8.9961
6.1390,6.7421
6.1390,6.7421
2.8833,6.4167
5.7970,7.5718
8.7667,9.6333
5.7970,7.5718
6.5569,9.6139
3.8964,7.3878
8.8921,9.9285
3.8964,7.3878
7.0134,4.7774
8.1169,6.3163
8.1169,6.3163
7.5333,9.0833
7.5333,9.0833
6.5569,9.6139
7.4383,10.5222
5.2143,13.0480
7.5333,9.0833
6.7430,7.8024
5.7500,5.5167
5.7500,5.5167
12.4833,9.2000
6.9500,8.4667
5.7500,5.5167
5.7500,5.5167
7.0304,5.4833
7.0438,7.6897
6.2642,4.9247
6.2642,4.9247
3.7167,7.7667
5.1931,7.2526
5.0500,9.2833
4.1333,7.4667
5.2143,13.0480
7.8167,9.6667
9.1000,9.5167
9.6000,9.5500
8.9500,9.8000
8.8640,9.7940
4.1975,12.4539
9.8433,10.3134
8.8921,9.9285
8.9500,9.8000
3.6430,6.8324
8.9500,9.8000
9.8433,10.3134
8.9500,9.8000
8.8921,9.9285
5.6275,6.3350
3.8964,7.3878
5.6275,6.3350
5.6275,6.3350
7.3667,5.1066
7.3667,5.1066
7.5333,9.0833
8.8921,9.9285
8.8921,9.9285
7.9374,5.8931
7.5333,9.0833
8.8921,9.9285
5.2215,7.6210
7.5022,6.4426
5.1931,7.2526
6.9500,8.4667
6.7339,6.2006
7.2300,4.7339
5.1931,7.2526
5.7500,5.5167
5.7500,5.5167
3.3958,6.4531
4.5230,11.5644
7.5333,9.0833
8.7667,9.6333
8.8921,9.9285
8.8921,9.9285
5.3899,6.7327
6.0000,4.8333
8.8921,9.9285
6.0000,4.8333
8.7976,6.6547
3.9159,6.8161
8.8921,9.9285
8.8921,9.9285
6.6284,6.1767
7.4896,5.5263
6.0000,4.8333
11.9608,11.7470
11.9608,11.7470
5.7500,5.5167
7.4896,5.5263
8.8640,9.7940
6.0000,4.8333
8.8921,9.9285
8.8921,9.9285
8.8921,9.9285
3.3217,6.5292
5.6275,6.3350
7.5500,8.9314
6.0000,4.8333
8.3333,4.9667
7.5333,9.0833
6.2642,4.9247
7.5756,8.9961
7.3333,5.1167
3.3415,6.4568
5.7801,5.0556
5.7801,5.0556
3.3415,6.4568
7.0304,5.4833
7.5756,8.9961
8.5167,12.0001
8.5167,12.0001
8.8921,9.9285
8.8921,9.9285
8.7667,9.6333
6.2111,6.5064
6.6486,6.2376
8.5167,12.0001
8.7667,9.6833
6.0000,4.8333
6.0000,4.8333
8.8500,9.7167
7.5333,9.0833
7.5333,9.0833
8.5121,7.7411
3.3958,6.4531
8.8921,9.9285
3.3958,6.4531
9.2333,9.7333
8.8921,9.9285
8.9000,9.5333
3.2398,6.7053
3.2398,6.7053
7.6892,10.3192
7.1736,4.8846
8.9167,9.7167
8.9167,9.7167
5.7500,5.5167
8.7667,9.6333
6.0785,5.4842
8.8500,9.7167
6.5173,11.0069
6.5173,11.0069
6.0785,5.4842
6.0785,5.4842
8.0122,5.9929
4.9439,11.2005
4.9439,11.2005
3.3958,6.4531
8.8921,9.9285
8.8921,9.9285
8.8921,9.9285
8.8921,9.9285
6.2642,4.9247
6.0074,5.4899
6.0546,5.5087
7.5333,9.0833
5.7500,5.5167
4.8000,7.9500
6.0074,5.4899
6.0000,4.8333
8.5167,12.0001
5.7862,5.5546
6.0500,5.7667
7.5333,9.0833
7.5333,9.0833
6.0000,4.8333
7.0134,4.7774
7.0741,6.2101
4.0915,6.4095
3.3958,6.4531
3.3415,6.4568
3.3415,6.4568
7.5333,9.0833
6.0074,5.4899
6.2642,4.9247
4.2667,8.1333
10.6167,10.8833
7.0134,4.7774
3.3958,6.4531
3.3958,6.4531
4.1975,12.4539
5.5698,6.3811
5.5698,6.3811
5.6275,6.3350
8.3333,4.9667
7.9786,4.5687
4.5667,7.7667
6.0785,5.4842
8.5121,7.7411
3.1958,6.8144
5.7500,5.5167
3.3958,6.4531
7.9266,5.0333
7.9266,5.0333
13.1603,11.8464
12.4833,9.2000
7.1343,5.1013
7.9786,4.5687
3.3958,6.4531
7.5519,6.3079
5.7500,5.5167
5.0500,9.2833
8.8921,9.9285
8.8921,9.9285
8.8921,9.9285
8.8921,9.9285
6.2642,4.9247
6.2642,4.9247
6.2642,4.9247
5.6275,6.3350
5.7862,5.5546
6.0074,5.4899
3.3958,6.4531
9.6333,8.8333
3.3958,6.4531
3.3958,6.4531
3.3958,6.4531
8.8921,9.9285
4.8000,7.9500
8.8921,9.9285
8.8921,9.9285
6.0000,4.8333
6.2534,10.1844
5.3237,5.3643
7.0134,4.7774
6.0000,4.8333
3.3958,6.4531
5.1931,7.2526
8.8921,9.9285
5.2215,7.6210
7.5333,9.0833
3.3500,7.1500
5.8995,5.9937
5.6275,6.3350
7.5333,9.0833
5.6767,5.8941
8.5167,8.4833
7.1681,4.4522
3.3500,7.1500
7.9266,5.0333
12.4833,9.2000
7.5333,9.0833
3.8964,7.3878
7.5333,9.0833
7.1681,4.4522
7.4383,10.5222
8.8921,9.9285
8.7667,9.6333
7.5333,9.0833
7.0919,8.9414
5.7862,5.5546
3.3500,7.1500
5.7862,5.5546
5.7862,5.5546
3.9220,6.9362
7.3667,5.1066
6.7342,7.1065
9.7833,7.8500
9.8433,10.3134
5.9252,5.1593
8.8921,9.9285
5.2143,13.0480
5.2143,13.0480
5.8718,5.0699
5.6275,6.3350
6.2642,4.9247
6.0074,5.4899
7.7228,7.5601
7.7228,7.5601
5.7500,5.5167
7.0134,4.7774
9.5572,9.7583
5.2288,11.4241
6.6614,12.1628
5.6275,6.3350
3.8964,7.3878
9.8433,10.3134
3.3958,6.4531
3.3958,6.4531
6.7339,6.2006
7.6006,12.9894
9.8433,10.3134
6.5569,9.6139
5.2215,7.6210
7.0134,4.7774
5.7500,5.5167
11.9608,11.7470
13.1603,11.8464
5.7500,5.5167
7.5333,9.0833
5.6275,6.3350
7.5333,9.0833
9.8433,10.3134
13.1603,11.8464
13.1603,11.8464
8.5167,12.0001
13.6856,11.5221
7.5022,6.4426
5.6275,6.3350
9.8433,10.3134
3.3958,6.4531
8.8921,9.9285
8.5167,12.0001
7.4383,10.5222
13.1603,11.8464
8.3333,4.9667
7.4896,5.5263
7.5333,9.0833
13.1603,11.8464
13.1603,11.8464
9.8433,10.3134
13.1603,11.8464
13.1603,11.8464
13.1603,11.8464
9.8433,10.3134
13.1603,11.8464
9.8433,10.3134
8.9104,6.2893
11.6848,10.9368
6.2642,4.9247
8.9104,6.2893
8.8921,9.9285
6.7500,6.1833
13.1603,11.8464
7.9266,5.0333
7.5194,6.9154
6.2641,5.0763
7.0134,4.7774
13.1603,11.8464
7.9786,4.5687
7.9266,5.0333
5.7416,5.3223
13.1603,11.8464
10.8078,12.8992
13.1603,11.8464
7.5333,9.0833
5.7416,5.3223
5.7416,5.3223
7.3667,5.1066
5.7416,5.3223
8.8921,9.9285
5.7416,5.3223
13.1603,11.8464
13.1603,11.8464
13.1603,11.8464
3.3958,6.4531
13.1603,11.8464
7.0134,4.7774
7.3667,5.1066
13.1603,11.8464
13.1603,11.8464
13.1603,11.8464
13.1603,11.8464
8.8921,9.9285
8.8921,9.9285
8.8706,9.9294
8.8921,9.9285
8.8921,9.9285
13.1603,11.8464
13.1603,11.8464
13.1603,11.8464
13.1603,11.8464
6.2642,4.9247
13.1603,11.8464
13.1603,11.8464
13.1603,11.8464
8.5167,8.4833
7.3667,5.1066
3.8964,7.3878
3.8964,7.3878
7.5333,9.0833
-15.2977,11.8400
-15.2977,11.8400
-15.2977,11.8400
-15.2977,11.8400
29.7116,-2.5808
30.0772,-1.9113
29.8455,-1.4544
30.0383,-1.9638
29.5984,-1.4915
30.0383,-1.9638
29.2633,-1.7008
30.0383,-1.9638
30.2067,-1.2858
30.1113,-1.8967
30.0383,-1.9638
29.4969,-1.6111
30.0694,-2.3050
30.8355,-2.1394
30.0383,-1.9638
30.1113,-1.8967
30.0383,-1.9638
29.4969,-1.6111
29.7394,-2.5966
30.0383,-1.9638
30.1113,-1.8967
30.0383,-1.9638
29.4969,-1.6111
30.1113,-1.8967
30.0383,-1.9638
29.4969,-1.6111
30.0383,-1.9638
30.0383,-1.9638
30.0383,-1.9638
30.0383,-1.9638
29.7394,-2.5966
30.1113,-1.8967
30.0383,-1.9638
29.4969,-1.6111
30.0383,-1.9638
30.1113,-1.8967
30.0383,-1.9638
29.4969,-1.6111
30.1113,-1.8967
30.0383,-1.9638
29.4969,-1.6111
29.8784,-1.5688
30.1113,-1.8967
30.0383,-1.9638
29.4969,-1.6111
30.1113,-1.8967
30.0383,-1.9638
29.4969,-1.6111
30.1113,-1.8967
30.0383,-1.9638
29.4969,-1.6111
-16.3000,12.5500
-16.5700,12.4400
-16.3200,12.5200
-16.2800,12.9200
-16.2800,12.9200
-16.3000,12.7200
-14.3500,13.0500
-13.4800,13.3800
-15.5569,12.7081
-14.4200,12.9700
-17.4441,14.6667
-17.4441,14.6667
-17.4441,14.6667
-17.4441,14.6667
-17.4441,14.6667
-17.4441,14.6667
-16.4260,16.0625
-17.4441,14.6667
-16.1739,12.8275
-15.5569,12.7081
-17.4021,14.7745
-17.4021,14.7745
-16.2300,12.5500
-17.4441,14.6667
-11.7383,7.9647
-13.2341,8.4900
-12.0500,8.8833
-11.7383,7.9647
-13.2341,8.4900
-12.0500,8.8833
-13.2341,8.4900
-13.2341,8.4900
-11.7383,7.9647
-11.1899,7.8767
-11.7383,7.9647
45.3003,2.0581
44.6905,2.2524
45.2398,4.8476
46.3867,5.5376
44.7639,1.7131
45.2500,2.0095
46.3867,5.5376
47.4306,6.7692
45.2500,2.0095
43.6469,3.1172
45.3400,2.0337
45.2172,4.9263
45.3199,2.0494
47.4306,6.7692
47.4306,6.7692
46.3867,5.5376
45.3500,2.0333
45.3200,2.0480
42.5732,1.2448
45.2043,4.7360
42.5446,3.8000
45.3337,2.0414
49.1806,11.2837
45.3368,2.0411
45.3337,2.0414
45.3337,2.0414
45.3500,2.0678
45.3500,2.0678
45.3500,2.0377
45.3500,2.0678
48.4819,8.4064
45.2043,4.7360
45.2043,4.7360
41.0124,0.4063
47.4306,6.7692
45.2043,4.7360
46.3867,5.5376
45.3337,2.0414
43.0333,4.5500
46.2841,4.5135
49.1806,11.2837
45.2043,4.7360
44.0668,9.5598
46.2841,4.5135
45.2043,4.7360
45.2043,4.7360
46.2841,4.5135
47.3544,8.4736
47.4306,6.7692
49.1806,11.2837
45.2043,4.7360
45.3300,2.0549
44.0821,2.8049
47.3544,8.4736
47.3544,8.4736
45.3337,2.0414
45.3337,2.0414
43.6469,3.1172
45.2043,4.7360
47.4306,6.7692
47.3544,8.4736
45.3337,2.0414
47.3544,8.4736
45.3400,2.0456
45.3300,2.0549
45.3400,2.0456
45.3900,2.0652
47.4306,6.7692
45.2043,4.7360
45.3337,2.0414
45.3400,2.0456
45.3300,2.0549
44.0821,2.8049
45.3500,2.0678
45.3500,2.0333
45.3199,2.0494
45.3400,2.0456
49.1806,11.2837
43.3350,9.5997
43.3350,9.5997
44.0668,9.5598
42.2860,2.3399
45.5336,9.5221
49.1806,11.2837
45.2043,4.7360
42.2860,2.3399
42.2860,2.3399
49.1806,11.2837
45.2043,4.7360
49.1806,11.2837
45.3337,2.0414
45.2043,4.7360
48.8199,9.7480
47.3544,8.4736
42.0794,4.1642
43.6469,3.1172
45.3500,2.0476
47.3544,8.4736
45.3337,2.0414
45.2043,4.7360
47.3544,8.4736
45.3337,2.0414
45.2259,2.2204
45.3500,2.0333
45.2398,4.8476
45.8774,5.3083
45.3337,2.0414
45.2043,4.7360
47.4306,6.7692
41.8943,3.7807
47.4279,6.7662
45.3500,2.0678
45.3300,2.0549
45.2043,4.7360
45.3337,2.0414
45.3337,2.0414
45.3337,2.0414
49.1806,11.2837
49.1806,11.2837
49.1806,11.2837
47.1803,3.8491
46.3867,5.5376
47.3544,8.4736
47.3544,8.4736
45.0143,10.4396
45.3337,2.0414
45.3500,2.0333
45.3500,2.0333
45.3368,2.0411
47.8584,4.6517
45.3500,2.0678
45.3337,2.0414
45.3003,2.0581
49.1806,11.2837
41.8943,3.7807
41.8943,3.7807
45.3337,2.0414
49.1731,9.6206
49.1806,11.2837
45.3500,2.0678
47.8584,4.6517
42.0710,0.5172
42.0710,0.5172
45.3900,2.0844
45.3900,2.0844
49.1806,11.2837
41.8943,3.7807
45.3300,2.0549
45.3500,2.0476
45.3900,2.0652
45.3500,2.0333
45.3200,2.0480
45.2500,2.0095
44.5313,1.7859
41.0124,0.4063
41.8943,3.7807
44.5452,2.0844
43.6469,3.1172
42.5463,-0.3603
47.3544,8.4736
45.3300,2.0276
45.3500,2.0333
45.3100,2.0195
44.0668,9.5598
45.3337,2.0414
45.2043,4.7360
45.3400,2.0456
45.3500,2.0678
45.3300,2.0549
43.6469,3.1172
47.3544,8.4736
45.3337,2.0414
49.1806,11.2837
45.2043,4.7360
43.8901,4.1230
47.3544,8.4736
49.1806,11.2837
45.3300,2.0549
45.3337,2.0414
45.3500,2.0678
45.3400,2.0456
48.4819,8.4064
45.3500,2.0678
45.3300,2.0549
45.3400,2.0456
45.3337,2.0414
45.3337,2.0414
43.8901,4.1230
43.6599,4.8282
47.7400,10.8900
45.3500,2.0476
45.3337,2.0414
45.3400,2.0456
45.3337,2.0414
45.6917,2.2444
49.0568,10.9901
45.1160,2.1500
45.1160,2.1500
45.1160,2.1500
43.6469,3.1172
43.6469,3.1172
47.4279,6.7662
45.3900,2.0844
45.3300,2.0276
45.3337,2.0414
45.3300,2.0276
47.3544,8.4736
45.3300,2.0276
45.3199,2.0494
45.3500,2.0678
45.3500,2.0476
45.3400,2.0456
45.3337,2.0414
49.1806,11.2837
45.3337,2.0414
49.1806,11.2837
45.1160,2.1500
45.3400,2.0337
45.3199,2.0494
49.1953,11.2777
45.3500,2.0476
45.3337,2.0414
45.3400,2.0456
45.1160,2.1500
45.3337,2.0414
45.3500,2.0476
46.3867,5.5376
45.3500,2.0476
45.3337,2.0414
42.0794,4.1642
43.0333,4.5500
41.0124,0.4063
41.0616,0.9625
45.2043,4.7360
41.0124,0.4063
45.3300,2.0276
45.3337,2.0414
49.1806,11.2837
49.1806,11.2837
45.3337,2.0414
45.3337,2.0414
45.3337,2.0414
41.0124,0.4063
41.0124,0.4063
45.3337,2.0414
45.3300,2.0276
49.1806,11.2837
45.3400,2.0337
41.0124,0.4063
47.4831,8.5430
45.3337,2.0414
41.0124,0.4063
47.6438,8.5673
47.6438,8.5673
49.1806,11.2837
47.4306,6.7692
45.3003,2.0292
45.3337,2.0414
45.1160,2.1500
45.3337,2.0414
49.1806,11.2837
45.3337,2.0414
44.8936,2.6195
45.3337,2.0414
45.2259,2.2204
45.4968,2.7809
47.4306,6.7692
45.3300,2.0549
45.3500,2.0333
44.0821,2.8049
45.3500,2.0333
45.3337,2.0414
45.3500,2.0333
42.5446,3.8000
46.3964,6.1478
45.3337,2.0414
45.3500,2.0333
45.2421,2.0694
45.3900,2.0652
45.3199,2.0494
45.3500,2.0333
45.3500,2.0476
45.3337,2.0414
45.3199,2.0494
45.3337,2.0414
45.2043,4.7360
46.3964,6.1478
45.3337,2.0414
44.0668,9.5598
45.3337,2.0414
47.3544,8.4736
45.3337,2.0414
45.3337,2.0414
45.3337,2.0414
49.3265,6.9447
45.3337,2.0414
45.2043,4.7360
45.3300,2.0549
47.7799,5.4310
45.3300,2.0276
45.2043,4.7360
47.4306,6.7692
45.3500,2.0678
48.1737,8.5268
42.5463,-0.3603
45.1160,2.1500
46.1860,9.4660
42.5463,-0.3603
45.1160,2.1500
49.1806,11.2837
49.1806,11.2837
45.3337,2.0414
44.7639,1.7131
45.3500,2.0333
47.3544,8.4736
48.1737,8.5268
49.1806,11.2837
45.3300,2.0549
45.4968,2.7809
42.5463,-0.3603
45.3300,2.0276
45.3051,2.0152
44.0821,2.8049
45.2259,2.2204
45.3300,2.0276
45.3300,2.0276
45.3300,2.0276
45.3300,2.0276
45.3337,2.0414
45.3500,2.0333
45.3300,2.0276
45.3107,2.0316
45.3500,2.0333
45.3500,2.0333
45.2500,2.0095
45.3200,2.0480
45.3200,2.0480
45.3337,2.0414
42.2199,3.3280
45.3337,2.0414
44.7639,1.7131
41.0124,0.4063
45.3337,2.0414
45.2043,4.7360
47.9303,5.1143
47.9485,4.8204
45.4968,2.7809
45.3500,2.0476
46.3867,5.5376
45.3337,2.0414
45.5252,5.1994
45.5172,2.7038
45.5172,2.7038
45.3900,2.0652
45.3337,2.0414
45.3337,2.0414
46.1860,9.4660
45.3500,2.0476
45.3500,2.0333
45.8774,5.3083
45.3199,2.0494
45.5172,2.7038
45.3337,2.0414
45.9693,5.6890
45.9693,5.6890
47.4306,6.7692
45.3337,2.0414
45.5252,5.1994
45.4968,2.7809
46.5131,5.7505
45.3337,2.0414
45.3500,2.0678
45.3500,2.0333
51.0777,11.2826
45.5347,2.9704
49.1806,11.2837
43.2463,3.8096
42.2199,3.3280
46.3222,2.7603
44.0668,9.5598
45.3337,2.0414
45.3199,2.0494
45.3051,2.0152
45.2259,2.2204
45.3500,2.0333
45.3900,2.0844
45.3200,2.0480
45.3300,2.0276
45.3337,2.0414
49.1806,11.2837
41.0124,0.4063
45.3337,2.0414
45.3337,2.0414
44.0668,9.5598
49.1806,11.2837
45.4968,2.7809
43.3000,2.5500
42.9766,2.4074
45.3337,2.0414
45.3337,2.0414
45.3337,2.0414
45.3500,2.0333
45.3051,2.0152
45.2500,2.0095
45.2259,2.2204
51.0777,11.2826
45.3500,2.0333
45.3500,2.0678
45.3900,2.0844
45.3003,2.0581
45.3200,2.0480
45.3337,2.0414
45.3337,2.0414
46.3867,5.5376
45.3300,2.0549
47.0159,3.7034
47.0159,3.7034
46.6180,4.0226
46.3867,5.5376
47.1803,3.8491
43.6599,4.8282
43.6599,4.8282
43.6599,4.8282
45.3500,2.0678
41.0089,0.4099
46.3867,5.5376
47.0159,3.7034
46.6180,4.0226
47.1803,3.8491
45.3100,2.0195
43.6599,4.8282
45.2259,2.2204
43.8901,4.1230
46.3867,5.5376
45.3337,2.0414
45.3400,2.0337
45.3500,2.0377
45.3400,2.0456
47.1803,3.8491
46.3867,5.5376
45.3100,2.0195
47.0159,3.7034
46.6180,4.0226
43.6599,4.8282
45.2500,2.0095
45.1160,2.1500
45.2259,2.2204
45.3500,2.0377
45.3368,2.0411
45.3200,2.0480
45.2500,2.0095
45.3200,2.0480
44.0668,9.5598
47.3544,8.4736
45.3500,2.0333
45.3500,2.0377
46.1860,9.4660
47.8584,4.6517
45.3500,2.0333
45.3337,2.0414
45.3500,2.0333
45.5226,2.8675
47.8584,4.6517
45.3337,2.0414
45.3500,2.0377
45.3199,2.0494
42.9766,2.4074
47.3544,8.4736
45.3337,2.0414
46.3867,5.5376
45.2500,2.0095
45.3500,2.0333
45.3200,2.0480
46.1604,4.7950
45.2043,4.7360
45.2043,4.7360
46.3867,5.5376
45.3199,2.0494
45.3199,2.0494
45.3500,2.0333
42.5463,-0.3603
45.2500,2.0095
45.3199,2.0494
45.3500,2.0333
45.3200,2.0480
47.8584,4.6517
48.1737,8.5268
45.3500,2.0333
45.3200,2.0480
45.3337,2.0414
45.1160,2.1500
45.3500,2.0333
45.3200,2.0480
45.3337,2.0414
45.3199,2.0494
45.5336,9.5221
45.3337,2.0414
49.1806,11.2837
43.8901,4.1230
49.1806,11.2837
45.3300,2.0549
49.1806,11.2837
45.3300,2.0549
45.1160,2.1500
45.1160,2.1500
47.3544,8.4736
43.6599,4.8282
45.3199,2.0494
47.3681,10.6218
45.3337,2.0414
47.3544,8.4736
51.0777,11.2826
47.3544,8.4736
51.0777,11.2826
45.2500,2.0095
45.3100,2.0195
45.2500,2.0095
42.0794,4.1642
45.3300,2.0549
45.3337,2.0414
45.3500,2.0333
45.3200,2.0480
48.3325,10.7134
45.3500,2.0377
45.3500,2.0678
45.3300,2.0549
45.3500,2.0333
45.3200,2.0480
45.3500,2.0333
47.3544,8.4736
48.7707,10.2162
47.4306,6.7692
45.3199,2.0494
41.0124,0.4063
47.8584,4.6517
45.3300,2.0276
45.3199,2.0494
45.3337,2.0414
45.3300,2.0549
45.3337,2.0414
45.3500,2.0333
45.3200,2.0480
45.3199,2.0494
48.0000,10.5000
45.3337,2.0414
47.8584,4.6517
47.3681,10.6218
45.3400,2.0337
45.3300,2.0276
45.3300,2.0549
45.3100,2.0195
45.3500,2.0333
45.3200,2.0480
45.3199,2.0494
46.3157,8.2516
47.3544,8.4736
45.3337,2.0414
43.6599,4.8282
45.3500,2.0333
45.2500,2.0095
45.3400,2.0337
47.4306,6.7692
45.5336,9.5221
45.3300,2.0276
47.6438,8.5673
46.3157,8.2516
46.3157,8.2516
46.3157,8.2516
45.3337,2.0414
46.3157,8.2516
45.3400,2.0337
45.3300,2.0276
45.3337,2.0414
45.3500,2.0476
45.3500,2.0476
45.3400,2.0456
45.3500,2.0476
48.1211,5.4278
46.3157,8.2516
45.3500,2.0333
45.3200,2.0480
45.3368,2.0411
46.3157,8.2516
47.4306,6.7692
43.6469,3.1172
46.1860,9.4660
47.3544,8.4736
45.3337,2.0414
45.3100,2.0195
45.2259,2.2204
47.3544,8.4736
44.7639,1.7131
45.3341,2.0462
45.3337,2.0414
45.3500,2.0476
45.3400,2.0456
45.3500,2.0476
44.0668,9.5598
45.3500,2.0678
45.3337,2.0414
45.3337,2.0414
45.3199,2.0494
43.6599,4.8282
45.2043,4.7360
45.2043,4.7360
45.3200,2.0480
43.6599,4.8282
45.3421,4.5339
46.5131,5.7505
46.5131,5.7505
45.3500,2.0678
45.3300,2.0549
45.3400,2.0456
41.0124,0.4063
46.5131,5.7505
45.3500,2.0333
46.6764,5.6920
46.3867,5.5376
47.3544,8.4736
44.8936,2.6195
48.4819,8.4064
45.8774,5.3083
45.3900,2.0652
45.3337,2.0414
45.3900,2.0652
45.3900,2.0652
48.4819,8.4064
44.0668,9.5598
45.2043,4.7360
45.3200,2.0480
45.3500,2.0333
44.8936,2.6195
45.3200,2.0480
47.4306,6.7692
45.3500,2.0333
45.3200,2.0480
47.3544,8.4736
44.0668,9.5598
45.3300,2.0549
45.3500,2.0333
45.3200,2.0480
47.3544,8.4736
45.3200,2.0480
46.3157,8.2516
46.3867,5.5376
45.3300,2.0276
45.3368,2.0411
45.3300,2.0276
45.3368,2.0411
45.3337,2.0414
45.3337,2.0414
45.3368,2.0411
45.5336,9.5221
45.3300,2.0276
45.8774,5.3083
49.1806,11.2837
45.2500,2.0095
45.3300,2.0276
47.3544,8.4736
44.8936,2.6195
45.2043,4.7360
43.6599,4.8282
43.0043,2.8712
45.3300,2.0276
45.2259,2.2204
45.2500,2.0095
45.3500,2.0333
45.3003,2.0581
45.3500,2.0333
45.3337,2.0414
45.3337,2.0414
45.2500,2.0095
45.3368,2.0411
46.6271,6.1457
45.1160,2.1500
45.3500,2.0678
45.2043,4.7360
45.3500,2.0678
49.1806,11.2837
46.7734,9.4068
49.1806,11.2837
45.3500,2.0333
45.3200,2.0480
45.3500,2.0333
45.3200,2.0480
49.1806,11.2837
45.1160,2.1500
45.2172,4.9263
45.3300,2.0276
47.3544,8.4736
45.3337,2.0414
45.3200,2.0480
45.3500,2.0333
45.3337,2.0414
44.0668,9.5598
45.3199,2.0494
45.2259,2.2204
44.8936,2.6195
49.3925,9.9125
45.3500,2.0476
45.3900,2.0652
45.3400,2.0456
45.3337,2.0414
45.3337,2.0414
45.3337,2.0414
46.3157,8.2516
45.3337,2.0414
49.3925,9.9125
48.3325,10.7134
45.3199,2.0494
45.3337,2.0414
46.3964,6.1478
45.3337,2.0414
45.3337,2.0414
49.1806,11.2837
43.8901,4.1230
45.3337,2.0414
45.3368,2.0411
45.3337,2.0414
45.3337,2.0414
45.3900,2.0652
45.3500,2.0678
45.3337,2.0414
45.3400,2.0337
45.3300,2.0276
45.3337,2.0414
45.3900,2.0652
45.3337,2.0414
45.3500,2.0476
46.7055,6.4264
45.3337,2.0414
45.3337,2.0414
45.3337,2.0414
45.3003,2.0581
45.3337,2.0414
45.3051,2.0152
45.2172,4.9263
45.9693,5.6890
44.0821,2.8049
45.3337,2.0414
45.5651,3.8519
42.5463,-0.3603
41.3200,2.5700
45.4968,2.7809
45.2043,4.7360
45.5651,3.8519
45.3337,2.0414
45.3337,2.0414
45.3400,2.0337
45.2043,4.7360
45.3003,2.0581
45.3003,2.0581
43.6469,3.1172
46.3157,8.2516
45.3337,2.0414
46.0882,4.3934
45.3100,2.0195
45.2043,4.7360
49.1806,11.2837
45.3199,2.0494
51.0777,11.2826
45.2500,2.0095
45.3337,2.0414
45.3200,2.0480
45.3500,2.0333
45.3003,2.0581
45.3100,2.0195
45.3300,2.0276
45.2500,2.0095
46.3867,5.5376
43.6599,4.8282
49.1806,11.2837
45.3500,2.0333
45.2043,4.7360
45.3500,2.0476
46.1860,9.4660
45.3900,2.0652
45.3500,2.0476
45.3337,2.0414
45.3003,2.0581
45.3400,2.0456
41.0089,0.4099
49.1806,11.2837
41.0089,0.4099
45.3400,2.0456
45.3368,2.0411
45.3368,2.0411
45.3500,2.0333
45.3500,2.0333
45.2398,4.8476
49.1806,11.2837
49.1806,11.2837
48.4819,8.4064
45.3337,2.0414
45.2500,2.0095
45.3100,2.0195
45.3400,2.0337
49.0568,10.9901
45.3400,2.0456
45.3337,2.0414
49.1806,11.2837
45.3400,2.0337
45.3300,2.0276
45.3500,2.0476
45.3341,2.0462
45.3400,2.0456
49.1806,11.2837
49.2137,10.9741
49.0568,10.9901
49.2137,10.9741
45.3500,2.0333
45.3200,2.0480
45.3003,2.0581
48.8199,9.7480
41.0124,0.4063
45.3341,2.0462
45.2043,4.7360
45.3500,2.0333
43.0333,4.5500
45.2500,2.0095
47.4306,6.7692
45.3500,2.0333
45.2500,2.0095
43.0333,4.5500
43.1839,9.9387
44.0668,9.5598
45.2500,2.0095
43.6469,3.1172
45.3337,2.0414
45.3199,2.0494
45.3199,2.0494
45.3199,2.0494
45.3400,2.0456
45.3300,2.0276
43.0333,4.5500
43.0333,4.5500
45.3337,2.0414
46.3157,8.2516
49.0568,10.9901
49.0568,10.9901
45.1160,2.1500
45.3337,2.0414
47.4306,6.7692
45.3199,2.0494
45.2421,2.0694
45.3337,2.0414
45.2500,2.0095
49.1953,11.2777
45.1160,2.1500
49.0568,10.9901
47.3544,8.4736
49.0568,10.9901
45.3337,2.0414
45.3337,2.0414
45.2259,2.2204
49.0568,10.9901
45.1160,2.1500
49.1806,11.2837
45.3337,2.0414
45.3337,2.0414
45.8774,5.3083
45.3100,2.0195
48.4819,8.4064
45.3337,2.0414
45.3337,2.0414
45.3337,2.0414
45.3500,2.0333
49.0568,10.9901
45.3100,2.0195
45.2500,2.0095
45.3500,2.0333
45.3500,2.0333
45.3500,2.0333
49.0568,10.9901
45.3337,2.0414
45.3337,2.0414
49.1806,11.2837
49.0568,10.9901
49.0568,10.9901
45.3100,2.0195
45.3337,2.0414
45.3500,2.0476
45.3900,2.0652
45.3200,2.0480
45.3400,2.0456
46.3964,6.1478
45.3400,2.0456
45.3400,2.0337
45.3337,2.0414
49.0568,10.9901
45.3337,2.0414
41.8943,3.7807
46.3964,6.1478
49.1876,11.0368
45.3337,2.0414
45.3337,2.0414
42.5446,3.8000
44.7639,1.7131
42.2199,3.3280
41.0177,2.7352
42.2860,2.3399
45.3368,2.0411
45.3337,2.0414
44.0668,9.5598
49.1806,11.2837
49.1806,11.2837
45.3500,2.0333
45.1160,2.1500
46.3964,6.1478
49.0568,10.9901
45.3500,2.0333
45.2043,4.7360
45.2172,4.9263
42.0794,4.1642
45.3368,2.0411
47.3544,8.4736
45.3500,2.0333
45.3199,2.0494
47.3544,8.4736
45.3337,2.0414
49.0568,10.9901
47.4306,6.7692
45.3337,2.0414
45.3003,2.0581
43.0333,4.5500
45.3051,2.0152
47.8333,7.6167
45.3003,2.0292
45.3337,2.0414
45.3337,2.0414
49.0568,10.9901
43.3350,9.5997
45.3500,2.0476
45.3400,2.0456
45.3200,2.0480
45.3200,2.0480
49.0568,10.9901
45.3337,2.0414
45.3337,2.0414
45.3337,2.0414
45.3500,2.0333
45.3500,2.0333
46.1860,9.4660
45.3500,2.0377
45.8774,5.3083
49.1806,11.2837
45.3051,2.0152
45.3200,2.0480
45.3400,2.0456
45.3500,2.0476
45.3337,2.0414
45.3400,2.0456
45.3337,2.0414
45.3100,2.0195
45.3337,2.0414
49.0568,10.9901
46.7055,6.4264
42.0794,4.1642
45.9693,5.6890
45.3100,2.0195
43.4738,11.3522
43.4738,11.3522
49.1806,11.2837
45.3500,2.0333
45.3500,2.0333
45.3337,2.0414
44.0668,9.5598
45.3100,2.0195
45.3300,2.0276
46.6271,6.1457
46.9454,6.4798
45.3358,2.0681
45.3337,2.0414
45.3199,2.0494
45.3199,2.0494
43.1839,9.9387
46.5131,5.7505
45.3500,2.0333
46.5131,5.7505
45.3400,2.0337
45.2043,4.7360
45.2172,4.9263
46.3157,8.2516
45.3368,2.0411
45.3199,2.0494
45.3500,2.0333
45.3337,2.0414
45.3500,2.0333
49.1806,11.2837
45.3500,2.0333
45.3300,2.0276
45.3500,2.0333
49.0568,10.9901
45.3500,2.0333
45.2172,4.9263
45.3500,2.0333
45.3199,2.0494
45.3200,2.0480
45.3341,2.0462
45.3100,2.0195
45.3337,2.0414
45.3337,2.0414
45.3199,2.0494
45.3337,2.0414
45.3500,2.0333
45.3200,2.0480
45.2043,4.7360
45.3500,2.0333
45.3200,2.0480
45.3051,2.0152
44.7639,1.7131
47.4306,6.7692
45.3337,2.0414
46.6207,8.9348
49.0568,10.9901
47.3681,10.6218
45.3199,2.0494
47.8333,7.6167
45.3368,2.0411
45.3337,2.0414
45.3400,2.0456
45.3337,2.0414
46.7055,6.4264
45.3500,2.0333
45.3400,2.0456
45.3199,2.0494
45.3341,2.0462
48.4819,8.4064
45.3199,2.0494
45.2226,4.9203
45.2500,2.0095
45.2043,4.7360
48.8199,9.7480
45.3100,2.0195
45.3100,2.0195
49.1806,11.2837
45.3500,2.0333
45.3003,2.0581
45.3500,2.0333
46.6180,4.0226
45.3500,2.0678
45.3300,2.0549
45.3500,2.0333
45.3199,2.0494
46.6271,6.1457
47.8584,4.6517
45.2043,4.7360
45.4504,4.7680
45.2172,4.9263
46.6271,6.1457
49.1806,11.2837
46.6271,6.1457
46.5131,5.7505
46.3867,5.5376
43.5000,10.3000
46.6271,6.1457
45.3500,2.0333
45.3500,2.0333
45.5336,9.5221
46.3867,5.5376
45.2043,4.7360
46.6271,6.1457
45.2500,2.0095
45.2259,2.2204
45.3500,2.0333
45.3400,2.0337
45.3199,2.0494
41.8943,3.7807
45.3337,2.0414
46.3157,8.2516
45.3400,2.0337
49.1806,11.2837
45.3337,2.0414
47.6438,8.5673
46.0882,4.3934
45.2398,4.8476
45.3337,2.0414
45.3400,2.0456
45.2398,4.8476
45.3368,2.0411
45.2043,4.7360
49.1806,11.2837
45.3400,2.0456
46.3157,8.2516
41.8943,3.7807
45.3368,2.0411
45.3400,2.0456
47.4306,6.7692
45.2043,4.7360
41.8943,3.7807
43.0333,4.5500
45.3400,2.0456
45.3337,2.0414
41.8943,3.7807
45.3368,2.0411
45.3400,2.0456
45.3337,2.0414
47.4279,6.7662
48.4819,8.4064
49.1806,11.2837
45.3337,2.0414
45.3500,2.0333
46.6271,6.1457
49.1806,11.2837
45.3300,2.0549
45.3200,2.0480
45.3500,2.0333
45.3199,2.0494
45.3337,2.0414
43.1616,4.3535
46.6271,6.1457
45.2043,4.7360
41.8943,3.7807
45.3500,2.0678
45.3300,2.0549
45.3500,2.0333
45.3200,2.0480
45.3400,2.0456
45.3500,2.0377
45.3199,2.0494
44.7639,1.7131
49.1806,11.2837
49.1806,11.2837
45.3337,2.0414
45.3337,2.0414
45.3500,2.0476
45.3337,2.0414
45.3500,2.0333
45.3400,2.0456
46.1860,9.4660
45.3337,2.0414
45.3337,2.0414
46.1860,9.4660
45.3500,2.0476
45.3400,2.0456
45.3100,2.0195
45.3337,2.0414
46.3964,6.1478
45.1160,2.1500
45.3337,2.0414
47.4306,6.7692
45.3341,2.0462
45.3100,2.0195
46.5493,6.3062
45.3400,2.0456
46.7055,6.4264
45.8774,5.3083
46.1860,9.4660
44.8936,2.6195
45.3833,2.3500
45.3500,2.0333
48.8199,9.7480
45.3200,2.0480
44.0668,9.5598
45.3337,2.0414
45.3400,2.0337
45.2259,2.2204
45.4968,2.7809
45.3400,2.0337
48.4819,8.4064
45.3400,2.0456
45.3003,2.0292
45.3199,2.0494
45.3400,2.0337
45.3368,2.0411
48.4819,8.4064
45.3368,2.0411
45.3300,2.0549
45.3341,2.0462
45.3200,2.0480
45.3100,2.0195
45.3400,2.0456
41.8943,3.7807
45.3400,2.0337
49.1806,11.2837
45.3337,2.0414
48.3325,10.7134
46.3867,5.5376
46.3867,5.5376
41.8943,3.7807
45.3400,2.0456
45.3500,2.0377
48.4819,8.4064
41.8943,3.7807
45.5336,9.5221
45.3337,2.0414
45.3400,2.0456
45.3337,2.0414
45.3199,2.0494
45.3337,2.0414
45.3400,2.0337
46.3964,6.1478
47.4306,6.7692
49.1806,11.2837
47.4306,6.7692
49.1806,11.2837
45.8774,5.3083
45.3300,2.0549
45.3900,2.0844
49.1806,11.2837
42.3628,-0.2905
47.4306,6.7692
45.8774,5.3083
45.3337,2.0414
45.8774,5.3083
41.8943,3.7807
49.1806,11.2837
45.3337,2.0414
45.8774,5.3083
45.3337,2.0414
45.8774,5.3083
45.3400,2.0337
46.0882,4.3934
45.8774,5.3083
49.1806,11.2837
46.6234,4.6815
45.0636,9.4070
45.3400,2.0337
43.0333,4.5500
45.8774,5.3083
45.3337,2.0414
45.2259,2.2204
45.2500,2.0095
49.1806,11.2837
45.3500,2.0377
45.3199,2.0494
45.3500,2.0333
49.1806,11.2837
45.3337,2.0414
45.2043,4.7360
47.4306,6.7692
49.1806,11.2837
45.3400,2.0456
45.3900,2.0652
45.3199,2.0494
47.4306,6.7692
42.5446,3.8000
42.0794,4.1642
46.6708,6.3097
47.4306,6.7692
45.3337,2.0414
44.0821,2.8049
44.0821,2.8049
47.4306,6.7692
45.3337,2.0414
45.3337,2.0414
47.8333,7.6167
45.3500,2.0476
45.3400,2.0456
45.2043,4.7360
45.3500,2.0476
45.3400,2.0456
45.3500,2.0377
45.2259,2.2204
47.4306,6.7692
44.6977,2.6295
47.4306,6.7692
41.8943,3.7807
47.4306,6.7692
47.4306,6.7692
47.4306,6.7692
49.1806,11.2837
45.3500,2.0333
49.1806,11.2837
49.1806,11.2837
48.1949,11.1603
49.1806,11.2837
45.3500,2.0333
45.3200,2.0480
45.3500,2.0333
45.3200,2.0480
49.0568,10.9901
44.0821,2.8049
45.3500,2.0333
45.3500,2.0333
45.3200,2.0480
45.3500,2.0333
47.4306,6.7692
44.6905,2.2524
44.1274,2.7292
43.4759,9.8241
45.3337,2.0414
45.3199,2.0494
45.3500,2.0333
45.3500,2.0333
45.3400,2.0456
45.3199,2.0494
45.3337,2.0414
46.5493,6.3062
45.3337,2.0414
45.3337,2.0414
45.3400,2.0456
45.2421,2.0694
46.7055,6.4264
45.5625,4.2117
47.8584,4.6517
45.5336,9.5221
46.9454,6.4798
44.0668,9.5598
45.3400,2.0456
45.2398,4.8476
45.3400,2.0456
45.2398,4.8476
42.5463,-0.3603
45.3200,2.0480
45.3900,2.0652
45.3500,2.0333
45.3200,2.0480
41.3200,2.5700
45.2226,4.9203
45.3337,2.0414
45.3337,2.0414
45.2172,4.9263
45.3500,2.0333
45.3400,2.0456
45.3337,2.0414
42.0794,4.1642
25.5701,-33.9180
27.2500,-25.6667
18.6792,-34.0393
30.7167,-23.3167
28.0436,-26.2023
28.2351,-28.6944
19.0152,-32.5922
28.0992,-25.4729
25.5701,-33.9180
18.5563,-33.9897
18.5751,-33.9473
18.3468,-34.0393
31.0292,-29.8579
31.0292,-29.8579
31.0292,-29.8579
23.3716,-34.0527
18.5484,-33.9648
31.0292,-29.8579
27.8014,-26.1898
28.0992,-25.4729
31.0292,-29.8579
29.7041,-23.7592
27.8667,-26.2667
25.5701,-33.9180
18.6333,-33.9000
28.2295,-25.9493
18.6333,-33.9000
18.6333,-33.9000
18.6792,-34.0393
18.6792,-34.0393
31.0292,-29.8579
31.0292,-29.8579
28.2097,-26.9938
32.1000,-28.8000
28.6118,-26.6518
28.6118,-26.6518
31.2895,-29.3282
18.5500,-33.8500
25.4022,-33.7653
28.6118,-26.6518
28.6118,-26.6518
22.7500,-29.6667
27.8667,-26.4833
28.6118,-26.6518
28.1878,-25.7449
25.5701,-33.9180
18.4239,-33.9253
25.5124,-33.8886
30.9333,-29.8333
29.8906,-24.4618
31.2895,-29.3282
30.0864,-27.8021
29.5672,-23.4980
29.0639,-26.0488
28.0436,-26.2023
27.8743,-26.6842
18.4239,-33.9253
27.8743,-26.6842
30.3833,-29.6167
27.7802,-25.6347
27.7802,-25.6347
29.4689,-23.9045
18.5667,-33.9833
25.5701,-33.9180
24.8167,-26.7667
27.7802,-25.6347
28.0436,-26.2023
31.0292,-29.8579
18.4239,-33.9253
28.0992,-25.4729
28.3653,-25.7130
23.0471,-34.0363
28.2870,-25.4089
28.1878,-25.7449
28.3653,-25.7130
28.0678,-25.7728
28.0678,-25.7728
28.0678,-25.7728
30.3833,-29.6167
28.0436,-26.2023
27.8667,-26.2667
28.7844,-31.5889
27.8667,-26.2667
28.1226,-26.0875
31.0292,-29.8579
18.4239,-33.9253
27.8667,-26.2667
27.8667,-26.4833
27.8667,-26.2667
31.0292,-29.8579
28.9167,-26.3667
18.3897,-33.9186
28.9167,-26.3667
30.8979,-29.7931
18.4239,-33.9253
28.3653,-25.7130
28.3653,-25.7130
31.0292,-29.8579
27.8672,-26.2234
28.0436,-26.2023
29.9833,-26.3000
27.1333,-28.0833
29.1667,-26.5500
18.4000,-33.9833
26.8167,-26.3167
18.4000,-33.9833
28.1878,-25.7449
25.5701,-33.9180
27.9116,-33.0153
31.0292,-29.8579
31.0292,-29.8579
18.7186,-33.4613
27.7802,-25.6347
18.6333,-33.9000
18.7186,-33.4613
28.2377,-26.1086
31.0292,-29.8579
18.4239,-33.9253
28.0992,-25.4729
28.0992,-25.4729
26.5328,-33.3042
27.9116,-33.0153
18.6792,-34.0393
30.3833,-29.6167
28.0436,-26.2023
31.0292,-29.8579
28.0436,-26.2023
28.1878,-25.7449
32.0386,-27.6164
31.0292,-29.8579
30.3217,-27.6586
28.1878,-25.7449
28.1878,-25.7449
25.5701,-33.9180
28.2333,-32.4167
18.3440,-31.5599
28.2500,-26.2167
18.4239,-33.9253
27.8333,-26.3167
18.5016,-33.9626
25.5847,-33.8844
18.6792,-34.0393
18.4239,-33.9253
18.4239,-33.9253
18.6792,-34.0393
18.4239,-33.9253
18.8211,-34.0840
18.4239,-33.9253
27.8667,-26.2667
31.0292,-29.8579
18.4239,-33.9253
31.0292,-29.8579
18.6792,-34.0393
28.0436,-26.2023
18.4239,-33.9253
28.0667,-26.1000
21.2667,-34.1000
28.2377,-26.1086
25.5847,-33.8844
29.4090,-30.5109
30.8833,-30.0500
31.5245,-24.5568
25.5701,-33.9180
29.3664,-30.8082
28.3000,-25.8333
28.0436,-26.2023
18.3727,-34.1988
24.2667,-32.3667
31.0292,-29.8579
30.4667,-22.9333
29.0445,-25.1132
30.8867,-29.8207
30.3833,-29.6167
31.0292,-29.8579
30.3833,-29.6167
30.3833,-29.6167
30.3833,-29.6167
31.1994,-24.7246
25.5701,-33.9180
27.8876,-26.2728
29.4689,-23.9045
28.0436,-26.2023
18.8211,-34.0840
31.0292,-29.8579
24.7667,-28.7333
31.0292,-29.8579
18.6333,-33.9000
25.5701,-33.9180
31.0292,-29.8579
28.0436,-26.2023
18.5667,-33.9833
18.5667,-33.9833
25.5701,-33.9180
27.3209,-26.3949
25.5701,-33.9180
30.3833,-29.6167
30.3916,-29.5592
27.9116,-33.0153
31.0292,-29.8579
18.4239,-33.9253
27.8667,-26.2667
28.0012,-26.0941
30.9887,-29.8706
18.4239,-33.9253
30.9887,-29.8706
18.6333,-33.9000
27.8667,-26.2667
28.1570,-26.3400
30.9887,-29.8706
31.0292,-29.8579
31.0292,-29.8579
28.0436,-26.2023
28.0436,-26.2023
18.7172,-33.8481
30.3833,-29.6167
31.0333,-29.8500
30.8833,-29.9667
18.6792,-34.0393
31.0292,-29.8579
18.4239,-33.9253
28.0436,-26.2023
18.4239,-33.9253
31.0292,-29.8579
28.0436,-26.2023
28.0436,-26.2023
28.1878,-25.7449
18.4239,-33.9253
30.9333,-29.8333
28.0436,-26.2023
30.9333,-29.8333
30.9333,-29.8333
30.3833,-29.6167
18.5267,-31.6398
18.6792,-34.0393
30.3833,-29.6167
28.7844,-31.5889
28.0436,-26.2023
27.4747,-33.2904
27.4747,-33.2904
25.3884,-33.8176
18.3468,-34.0393
18.4239,-33.9253
18.4239,-33.9253
18.4239,-33.9253
18.6792,-34.0393
18.6792,-34.0393
18.6792,-34.0393
28.0436,-26.2023
18.4239,-33.9253
18.6792,-34.0393
28.0436,-26.2023
28.0436,-26.2023
18.4239,-33.9253
18.6792,-34.0393
18.6792,-34.0393
28.0436,-26.2023
18.5500,-33.9167
18.6792,-34.0393
28.0436,-26.2023
18.6792,-34.0393
18.6792,-34.0393
27.1596,-25.5673
18.5500,-34.0167
28.1000,-25.0333
25.5701,-33.9180
28.1878,-25.7449
18.6792,-34.0393
31.0292,-29.8579
18.6792,-34.0393
25.5167,-33.8500
18.4239,-33.9253
25.3525,-33.9165
25.5167,-33.8500
25.5701,-33.9180
18.5500,-34.0167
28.0436,-26.2023
28.0219,-26.1982
25.5701,-33.9180
18.4239,-33.9253
31.1260,-25.0904
18.6792,-34.0393
28.1878,-25.7449
28.0436,-26.2023
18.4239,-33.9253
28.7229,-31.6641
28.1117,-26.0834
18.7347,-33.9993
29.4090,-30.5109
31.0292,-29.8579
25.5701,-33.9180
26.0054,-26.8091
18.6333,-33.9000
28.1878,-25.7449
28.1878,-25.7449
18.6792,-34.0393
31.0292,-29.8579
28.0167,-32.2333
18.4239,-33.9253
28.5642,-23.0022
27.1000,-26.7167
27.8667,-26.2667
27.3945,-32.8803
30.1635,-23.8332
28.4333,-26.0000
18.6792,-34.0393
32.0333,-18.7333
32.0333,-18.7333
32.0333,-18.7333
31.0500,-17.8333
28.5800,-20.1500
28.5800,-20.1500
31.0500,-17.8333
31.4333,-19.3333
31.0500,-17.8333
31.0500,-17.8333
31.8908,-17.3150
31.0500,-17.8333
32.7500,-18.2166
31.4333,-19.3333
31.2111,-17.8353
32.0500,-18.2833
29.0167,-17.6833
30.1500,-18.1333
28.5800,-20.1500
31.0500,-17.8333
28.9333,-18.2166
31.1244,-17.8794
31.1244,-17.8794
31.1244,-17.8794
31.0500,-17.8333
31.0500,-17.8333
32.8667,-19.8000
32.3657,-20.4591
30.9667,-17.5166
31.5833,-16.7833
30.9667,-17.5166
30.9667,-17.5166
32.0500,-18.2833
28.9333,-18.2166
30.8333,-20.0833
28.5800,-20.1500
31.0500,-17.8333
29.8200,-19.4500
30.7333,-21.4166
31.4500,-20.3500
31.0500,-17.8333
32.6333,-18.7500
31.0500,-17.8333
30.8333,-20.0833
29.3333,-15.7500
32.0333,-18.7333
30.7333,-21.4166
28.5800,-20.1500
30.9667,-17.5166
31.5667,-17.3166
32.7500,-18.2166
32.7500,-18.2166
32.6667,-18.9666
29.3333,-15.7500
29.9167,-20.4833
31.1833,-17.8500
29.9167,-18.3500
32.0500,-18.2833
30.1500,-18.1333
31.4333,-19.3333
31.3297,-17.2964
29.6777,-20.9582
31.7775,-17.6469
30.8333,-20.0833
30.9625,-17.9283
28.5800,-20.1500
32.6667,-18.9666
32.6667,-18.9666
32.6667,-18.9666
31.0500,-17.8333
31.5667,-17.3166
32.7500,-18.2166
29.3333,-15.7500
32.6666,-17.1333
29.9167,-20.4833
32.0500,-18.2833
30.7000,-16.6666
32.7645,-19.5386
32.8667,-19.8000
31.5000,-18.6333
32.3728,-20.5910
32.6167,-20.2000
32.6167,-20.2000
29.8300,-17.7500
28.9333,-18.2166
28.5800,-20.1500
31.0756,-18.0127
31.0447,-17.8178
31.8908,-17.3150
32.8667,-19.8000
31.6167,-20.0833
29.3333,-17.0000
29.6833,-16.8166
30.1667,-17.7500
32.1703,-18.0330
32.6167,-20.2000
32.6167,-20.2000
32.6167,-20.2000
32.6167,-20.2000
30.8333,-20.0833
30.8333,-20.0833
32.6666,-17.1333
32.0000,-17.5000
32.7645,-19.5386
32.6167,-20.2000
31.0756,-18.0127
28.5000,-20.1000
32.8667,-19.8000
32.7500,-18.2166
32.6666,-17.1333
29.3333,-15.7500
30.9667,-17.5166
32.0500,-18.2833
29.8167,-18.9166
29.8200,-19.4500
28.9333,-18.2166
32.6167,-20.2000
31.0967,-17.7502
31.0756,-18.0127
32.7500,-18.2166
30.1500,-18.1333
31.0500,-17.8333
31.3392,-17.3266
28.5800,-20.1500
31.0500,-17.8333
31.0372,-17.8581
31.0500,-17.8333
31.0500,-17.8333
31.4333,-19.3333
30.9311,-17.8253
29.7667,-19.4667
29.8200,-19.4500
32.7034,-18.3666
31.5814,-16.5602
29.3000,-18.9833
28.5169,-20.1850
29.3333,-15.7500
32.6667,-18.9666
32.6666,-17.1333
30.8333,-20.0833
31.1667,-19.6500
31.3297,-17.2964
30.0137,-19.1840
32.2167,-17.4000
31.0500,-17.8333
30.5382,-21.6574
30.1500,-18.1333
28.5800,-20.1500
30.9336,-17.8972
31.0500,-17.8333
31.0756,-18.0127
31.9833,-18.7166
31.6167,-20.0833
30.8333,-20.0833
30.1500,-18.1333
30.1500,-18.1333
31.0372,-17.8581
29.3333,-15.7500
31.6167,-20.0833
30.0333,-20.3333
32.6667,-18.9666
30.1683,-16.8939
30.9667,-17.5166
31.6667,-21.0500
30.1500,-18.1333
31.2666,-16.7833
30.9336,-17.8972
31.3297,-17.2964
29.0000,-20.9333
28.5833,-17.8333
30.1500,-18.1333
32.6167,-20.2000
30.1500,-18.1333
31.6667,-21.0500
31.0500,-17.8333
28.5800,-20.1500
28.2703,-19.8579
31.0756,-18.0127
30.8333,-20.0833
31.0372,-17.8581
29.3333,-15.7500
32.6667,-18.9666
30.0333,-20.3333
31.7775,-17.6469
32.6666,-17.1333
29.9167,-20.4833
28.5000,-20.1000
31.6667,-21.0500
30.8963,-18.7517
31.3297,-17.2964
31.6167,-20.0833
31.5000,-18.6333
28.9333,-18.2166
31.6667,-21.0500
36.1333,13.8500
29.6300,7.7000
28.6839,7.2733
28.1114,8.5348
31.0660,11.8388
36.1333,13.8500
23.6294,14.8687
24.6499,14.2065
29.5641,9.1318
37.2152,19.5896
30.8793,9.0732
22.7041,13.9913
28.5740,4.3823
28.5740,4.3823
31.9833,8.0667
34.0967,7.1783
29.7883,9.2525
29.7883,9.2525
22.4454,13.4413
33.0023,7.7790
24.8906,12.0556
24.2169,15.1168
24.2855,12.5052
25.3559,13.6264
25.3559,13.6264
25.3559,13.6264
34.2268,4.4756
25.3559,13.6264
22.7041,13.9913
24.4880,12.8825
29.2472,7.0317
24.4880,12.8825
24.5151,13.0710
30.4999,6.5545
30.4999,6.5545
30.4999,6.5545
30.4999,6.5545
27.4722,5.0706
27.4722,5.0706
22.4454,13.4413
29.2700,7.8500
25.3559,13.6264
28.1114,8.5348
25.3559,13.6264
31.6178,4.8609
28.3000,8.4833
32.0833,4.4167
27.4722,5.0706
29.7883,9.2525
24.2855,12.5052
28.2557,4.6469
28.2557,4.6469
28.4104,4.5710
28.4104,4.5710
25.7167,13.0667
22.7041,13.9913
26.7175,12.3988
30.6716,4.0899
28.4104,4.5710
23.3175,10.4634
27.4722,5.0706
27.4722,5.0706
28.4104,4.5710
30.6716,4.0899
30.6716,4.0899
24.8906,12.0556
29.1082,4.4946
25.6810,8.4624
29.2300,6.9300
29.2300,6.9300
29.2300,6.9300
29.2300,6.9300
31.6054,9.3596
24.8543,9.8238
29.7883,9.2525
29.7883,9.2525
28.6839,7.2733
24.8906,12.0556
31.8355,8.0715
22.7041,13.9913
30.7453,8.6362
22.7041,13.9913
33.1297,6.7943
27.4621,5.5985
27.4621,5.5985
28.4104,4.5710
27.6667,5.7667
27.4621,5.5985
23.6667,11.6667
28.4104,4.5710
28.9100,9.3400
31.4000,9.3833
28.4104,4.5710
28.2557,4.6469
27.7500,4.8700
28.4104,4.5710
27.4621,5.5985
27.4621,5.5985
27.4621,5.5985
24.9685,12.4130
27.4621,5.5985
27.2801,5.3492
27.4621,5.5985
25.3559,13.6264
26.2174,12.0097
28.4104,4.5710
28.3000,8.4833
31.5620,6.2144
28.3000,8.4833
26.5370,12.3546
29.7883,9.2525
22.4454,13.4413
30.4999,6.5545
31.6521,9.5409
28.3000,8.4833
32.5767,4.4182
27.2542,5.3932
29.6995,6.8187
26.0339,14.5944
28.4104,4.5710
28.4349,9.5952
28.4349,9.5952
23.4811,12.9000
23.4811,12.9000
24.0577,12.9699
31.5620,6.2144
23.4811,12.9000
24.0577,12.9699
29.9905,8.6048
29.2472,7.0317
28.2557,4.6469
28.4104,4.5710
28.6524,8.0948
31.6178,4.8609
31.5620,6.2144
24.3986,11.1922
28.4104,4.5710
28.4104,4.5710
29.6995,6.8187
25.3559,13.6264
24.8906,12.0556
28.4104,4.5710
28.4104,4.5710
24.8906,12.0556
25.3559,13.6264
31.5620,6.2144
31.5620,6.2144
31.9400,9.7700
22.4454,13.4413
22.4454,13.4413
28.4349,9.5952
22.4454,13.4413
28.4349,9.5952
28.4349,9.5952
28.4104,4.5710
32.5364,15.5725
24.8906,12.0556
28.4104,4.5710
25.8833,14.0167
26.6974,7.7221
24.8906,12.0556
31.6178,4.8609
32.5767,4.4182
23.4811,12.9000
25.0154,12.0052
28.2557,4.6469
28.1833,4.9286
28.2557,4.6469
27.4667,5.6000
30.4999,6.5545
28.2557,4.6469
24.8906,12.0556
33.5829,4.7762
31.6521,9.5409
29.7883,9.2525
27.6801,6.4900
24.8906,12.0556
24.2855,12.5052
30.3500,7.3900
29.9100,9.1200
30.6716,4.0899
30.6716,4.0899
24.3986,11.1922
25.3559,13.6264
24.6294,13.4860
29.2308,5.0281
28.4382,4.4200
23.4811,12.9000
28.4863,4.5848
28.5173,4.6354
28.4104,4.5710
28.5740,4.3823
30.3167,5.3500
24.8906,12.0556
32.5364,15.5725
23.4811,12.9000
24.5151,13.0710
24.8906,12.0556
24.4718,13.0345
31.6178,4.8609
25.3559,13.6264
29.7883,9.2525
25.3559,13.6264
25.3559,13.6264
25.3559,13.6264
32.5364,15.5725
28.4349,9.5952
29.1351,5.3474
28.4104,4.5710
24.4390,13.0291
28.4349,9.5952
32.5364,15.5725
32.5364,15.5725
33.1297,6.7943
30.7453,8.6362
24.7500,13.4667
32.5364,15.5725
27.4722,5.0706
24.8906,12.0556
23.6116,15.3530
24.8906,12.0556
25.3559,13.6264
27.3833,11.7667
23.7046,15.0207
25.3559,13.6264
30.9333,13.5333
31.6178,4.8609
24.8906,12.0556
27.4015,8.7863
29.9905,8.6048
27.4015,8.7863
28.4104,4.5710
27.4015,8.7863
28.0071,7.7177
31.6521,9.5409
33.0023,7.7790
33.0023,7.7790
24.8906,12.0556
33.0023,7.7790
29.7883,9.2525
23.4811,12.9000
28.0071,7.7177
31.7470,5.4390
31.6178,4.8609
25.2702,12.6468
25.2702,12.6468
25.2702,12.6468
25.2702,12.6468
25.2702,12.6468
32.5364,15.5725
28.2557,4.6469
25.1894,13.0597
32.5364,15.5725
25.2702,12.6468
31.7749,8.9678
25.2702,12.6468
31.5620,6.2144
25.2702,12.6468
28.4349,9.5952
31.5620,6.2144
29.4009,4.8182
29.4626,4.9238
31.5620,6.2144
29.4626,4.9238
24.6499,14.2065
25.1894,13.0597
31.6178,4.8609
30.3500,7.3900
25.1894,13.0597
25.1894,13.0597
32.4549,15.6447
25.3559,13.6264
32.5767,4.4182
31.1333,-26.3167
31.1333,-26.3167
31.1333,-26.3167
31.2000,-26.4667
31.2000,-26.4667
31.3667,-26.4833
31.3667,-26.4833
1.2228,6.1319
1.2228,6.1319
1.2228,6.1319
1.2228,6.1319
1.2228,6.1319
1.2228,6.1319
1.2228,6.1319
1.2228,6.1319
1.2228,6.1319
1.2228,6.1319
1.2228,6.1319
1.2228,6.1319
1.2228,6.1319
1.2228,6.1319
1.2228,6.1319
1.2228,6.1319
1.2228,6.1319
1.2228,6.1319
11.2197,33.1378
11.2197,33.1378
11.2197,33.1378
11.2197,33.1378
11.3000,33.1500
11.2197,33.1378
9.4849,35.0382
9.4849,35.0382
9.6082,34.6043
9.4290,34.5740
9.4849,35.0382
9.6082,34.6043
9.4849,35.0382
9.4290,34.5740
9.4290,34.5740
9.2769,35.1785
9.4849,35.0382
9.3708,36.0850
9.8739,37.2744
10.9000,33.8000
8.7417,34.4250
10.5003,36.5989
8.7802,36.5011
11.0622,35.5047
10.8125,35.7647
9.4849,35.0382
10.6370,35.8254
10.8273,35.6354
10.1658,36.8190
10.1658,36.8190
34.1331,2.9806
34.1331,2.9806
34.1344,3.5121
34.1344,3.5121
31.2667,1.1167
31.2667,1.1167
31.2667,1.1167
31.2667,1.1167
31.2667,1.1167
34.1028,1.7056
34.1756,0.8328
32.5656,0.3156
34.1028,1.7056
32.4469,0.0644
32.4469,0.0644
31.3436,1.4356
34.5842,2.0206
34.5842,2.0206
31.7150,1.6744
32.5656,0.3156
33.2042,0.4244
31.7833,0.0000
31.7150,1.6744
31.7150,1.6744
31.6833,3.0833
32.5833,0.3500
32.5656,0.3156
34.6575,2.5329
34.5842,2.0206
34.5842,2.0206
32.5667,0.3333
32.5667,0.3333
32.5667,0.3333
32.5656,0.3156
32.5656,0.3156
32.5656,0.3156
30.5000,0.6000
34.1750,1.0806
33.9000,3.6167
33.9553,3.1656
34.7833,1.9167
34.9500,1.9500
34.3975,2.4403
34.9500,1.9500
34.2347,3.6442
34.2347,3.6442
31.6447,0.2222
34.2347,3.6442
31.7341,-0.3338
31.7341,-0.3338
34.6050,2.4783
31.1000,2.3333
30.9308,3.0192
33.9553,3.1656
34.1331,2.9806
32.5656,0.3156
32.6492,0.3475
32.6492,0.3475
32.6492,0.3475
32.3056,2.7667
32.6492,0.3475
31.7117,-0.5075
32.5656,0.3156
31.4081,-0.4161
34.6575,2.5329
32.6492,0.3475
31.7117,-0.5075
32.5656,0.3156
32.5656,0.3156
32.6167,0.3167
32.5656,0.3156
34.1811,0.6928
32.5656,0.3156
32.5656,0.3156
34.7631,2.5922
32.5656,0.3156
30.1995,0.7177
33.5667,2.0500
34.1331,2.9806
32.5656,0.3156
33.7000,2.7508
32.9070,2.1983
32.5000,2.7500
30.9308,3.0192
30.4956,-0.1347
32.5833,0.2833
32.6669,0.3669
30.6753,-0.4416
31.9500,2.7333
34.3338,1.0030
32.4594,0.4044
34.0446,1.3487
32.5656,0.3156
33.3169,0.9747
31.3436,1.4356
31.4041,-0.7070
33.8098,0.2906
32.7553,0.3533
30.2636,1.0962
30.2636,1.0962
34.6575,2.5329
34.5059,1.3692
30.3588,1.0067
33.2344,0.4797
34.3500,1.4000
34.1331,2.9806
34.1344,3.5121
34.2482,2.3724
31.7341,-0.3338
32.5656,0.3156
32.5656,0.3156
34.6050,2.4783
32.5656,0.3156
32.5656,0.3156
34.6575,2.5329
29.8776,0.3552
34.5500,1.1333
34.5500,1.1333
32.7553,0.3533
33.7984,31.1316
31.2859,30.0771
32.2386,26.0514
34.2369,31.2878
32.2386,26.0514
34.2369,31.2878
32.2386,26.0514
32.2386,26.0514
32.2114,26.0585
31.2859,30.0771
34.2881,27.8636
32.6896,29.6028
29.9192,31.1981
31.1837,27.1810
30.9906,30.0849
31.2387,30.0851
31.2357,30.0444
34.2369,31.2878
32.5263,29.9737
33.7984,31.1316
34.2369,31.2878
33.7984,31.1316
33.7984,31.1316
32.2841,31.2565
31.3807,31.0364
31.2859,30.0771
34.2369,31.2878
31.2859,30.0771
31.2859,30.0771
31.2859,30.0771
34.2369,31.2878
32.2723,30.6043
34.2369,31.2878
27.2453,31.3525
27.2453,31.3525
27.2453,31.3525
27.2453,31.3525
31.2139,30.0208
31.2859,30.0771
34.2369,31.2878
33.7984,31.1316
31.3807,31.0364
31.2859,30.0771
31.2357,30.0444
32.7267,26.1642
31.2859,30.0771
31.2859,30.0771
34.2369,31.2878
34.2369,31.2878
31.0979,29.0744
31.0979,29.0744
31.2859,30.0771
34.2369,31.2878
31.2859,30.0771
31.2859,30.0771
34.2369,31.2878
31.2859,30.0771
34.2369,31.2878
31.2859,30.0771
31.2859,30.0771
34.2369,31.2878
34.2369,31.2878
32.8994,24.0908
30.8418,29.3099
29.9192,31.1981
31.2859,30.0771
31.8133,31.4165
30.8418,29.3099
29.9192,31.1981
31.2859,30.0771
31.8133,31.4165
29.9192,31.1981
29.9192,31.1981
31.2859,30.0771
34.2369,31.2878
34.2369,31.2878
34.2369,31.2878
31.2859,30.0771
31.2859,30.0771
31.2859,30.0771
31.2400,30.0446
32.2723,30.6043
30.5303,30.9661
31.1837,27.1810
29.9192,31.1981
29.9192,31.1981
34.2369,31.2878
33.7984,31.1316
31.2859,30.0771
34.2369,31.2878
31.2859,30.0771
32.2723,30.6043
31.2859,30.0771
34.2369,31.2878
33.7483,29.9096
32.2723,30.6043
31.2859,30.0771
34.2369,31.2878
34.2369,31.2878
34.2369,31.2878
31.2859,30.0771
31.2859,30.0771
29.9192,31.1981
32.2723,30.6043
31.2859,30.0771
34.2369,31.2878
31.2851,30.0771
33.7984,31.1316
31.2139,30.0208
32.7267,26.1642
32.7267,26.1642
31.2859,30.0771
29.9192,31.1981
31.2859,30.0771
31.2109,30.0081
31.2109,30.0081
29.9192,31.1981
31.2859,30.0771
32.7267,26.1642
31.2859,30.0771
29.9192,31.1981
31.1837,27.1810
32.6459,25.6965
31.2859,30.0771
31.2859,30.0771
31.2321,30.0475
31.5187,30.0493
31.2859,30.0771
33.6254,28.2364
31.2859,30.0771
39.2833,-6.8167
34.5500,-1.5000
34.3667,-1.3500
36.5167,-7.4666
35.0833,-4.3666
-1.5247,12.3703
-1.5247,12.3703
-1.5247,12.3703
-3.1800,10.3300
-1.5247,12.3703
28.2833,-15.4166
28.2833,-15.4166
26.4000,-12.1833
28.2000,-12.8200
30.1417,-14.1148
26.4000,-12.1833
30.1417,-14.1148
30.1417,-14.1148
30.1417,-14.1148
30.1417,-14.1148
30.1417,-14.1148
28.2833,-15.4166
27.4667,-17.2500
28.2833,-15.4166
28.2833,-15.4166
28.2833,-15.4166
28.2833,-15.4166
