lng,lat
3.8316,36.7463
3.0420,36.7525
4.3351,36.5891
2.7500,36.2675
4.0459,36.7118
4.7750,36.0750
5.7667,36.8000
8.1242,35.4042
7.6167,36.8833
3.0420,36.7525
3.4428,36.7547
3.5912,36.6677
3.9503,36.7939
3.5567,36.7254
5.3421,31.9664
4.3116,36.7936
3.0420,36.7525
6.5725,37.0058
4.0169,36.7262
6.8632,33.3561
3.8749,36.7066
7.4333,36.1333
8.1242,35.4042
3.8143,36.8067
4.0459,36.7118
4.0459,36.7118
3.9004,36.7441
3.6181,36.7233
3.5933,36.5646
3.6947,36.6371
3.1450,36.7203
8.0602,34.7449
8.1242,35.4042
4.6620,36.8822
5.0833,36.7500
4.6620,36.8822
4.4365,36.7305
3.6828,36.7481
3.3101,36.4128
3.6828,36.7481
4.6620,36.8822
4.1918,36.6718
4.1918,36.6718
6.9067,36.8792
5.4812,36.6732
4.0459,36.7118
3.8804,36.8632
1.6197,35.8911
4.0459,36.7118
5.5999,36.7751
3.5933,36.5646
3.3865,20.4163
3.5904,36.6347
3.7173,36.7433
3.5912,36.6677
6.0295,36.7496
7.1433,35.4358
-0.6417,35.6911
4.0459,36.7118
3.5933,36.5646
2.9290,34.2776
4.2622,36.3359
4.1198,36.8886
3.5933,36.5646
3.9014,36.3800
4.0459,36.7118
4.2638,36.6818
3.5567,36.7254
3.9981,36.5435
5.4812,36.6732
4.5325,36.8206
3.4948,36.7305
6.8632,33.3561
3.8504,36.6015
3.8316,36.7463
3.5567,36.7254
3.9004,36.7441
1.3345,36.1653
4.0654,36.8638
1.3345,36.1653
1.3345,36.1653
3.4772,36.7664
3.5567,36.7254
4.3116,36.7936
4.0459,36.7118
3.8572,36.8169
3.4948,36.7305
2.7500,36.2675
-1.5156,34.5994
3.8884,36.6412
3.5933,36.5646
3.5933,36.5646
3.7205,36.8778
4.0459,36.7118
3.6735,32.4909
3.6735,32.4909
3.6735,32.4909
3.6735,32.4909
-0.6417,35.6911
-0.6417,35.6911
-0.6417,35.6911
7.1433,35.4358
6.6402,36.8376
5.1317,36.0466
3.1925,36.7487
3.1925,36.7487
3.6036,36.7853
3.7205,36.8778
3.4772,36.7664
3.5912,36.6677
6.0040,36.6582
3.3308,36.6500
7.1433,35.4358
6.8632,33.3561
3.6181,36.7233
4.0459,36.7118
3.0420,36.7525
5.7667,36.8000
3.0420,36.7525
4.5741,36.8452
4.5741,36.8452
3.0420,36.7525
3.9004,36.7441
3.5933,36.5646
3.5567,36.7254
3.4772,36.7664
3.7173,36.7433
3.8567,36.8558
3.7173,36.7433
4.2622,36.3359
3.7175,36.7978
3.0420,36.7525
3.6947,36.6371
3.4948,36.7305
3.5933,36.5646
3.4099,36.7274
3.9014,36.3800
3.4099,36.7274
3.7740,36.5010
8.0602,34.7449
4.5833,36.1000
7.1433,35.4358
4.0459,36.7118
4.0459,36.7118
3.6036,36.7853
8.0602,34.7449
4.1198,36.8886
5.7667,36.8000
3.5933,36.5646
6.9067,36.8792
3.9924,36.0190
3.6672,36.7227
3.9014,36.3800
3.5933,36.5646
6.6147,36.3650
1.9679,36.2641
3.4772,36.7664
6.9067,36.8792
3.6181,36.7233
3.9131,36.9172
1.9679,36.2641
3.8316,36.7463
3.5156,36.5979
3.5933,36.5646
3.9531,36.5422
3.8316,36.7463
6.1786,35.5553
6.6147,36.3650
7.7672,35.1182
4.0459,36.7118
3.9531,36.5422
5.7667,36.8000
6.0295,36.7496
4.3722,36.7447
6.0295,36.7496
5.7888,36.6612
3.0420,36.7525
2.4767,36.3714
4.2500,36.8667
6.9097,33.2797
3.5933,36.5646
8.1242,35.4042
5.7667,36.8000
4.0459,36.7118
3.9131,36.9172
6.0295,36.7496
1.3131,35.3758
4.0459,36.7118
3.6735,32.4909
4.2667,36.8000
4.5419,35.7058
4.5419,35.7058
-1.3150,34.8783
3.6735,32.4909
3.4772,36.7664
8.1242,35.4042
3.4772,36.7664
3.4772,36.7664
3.8065,36.6729
3.8065,36.6729
5.7667,36.8000
4.0459,36.7118
5.7332,19.6633
4.0459,36.7118
3.5156,36.5979
5.1317,36.0466
4.0459,36.7118
3.9014,36.3800
5.6081,35.5612
4.0459,36.7118
3.4772,36.7664
7.9728,36.7605
-1.7286,34.8472
3.0420,36.7525
-1.7286,34.8472
4.3062,36.5647
4.6750,36.6917
3.6036,36.7853
0.9479,21.3292
0.5592,35.7425
3.0420,36.7525
3.0420,36.7525
12.1871,-5.5758
12.5500,-4.7666
12.1871,-5.5758
12.2333,-5.4833
12.1871,-5.5758
13.2344,-8.8383
12.1871,-5.5758
12.1871,-5.5758
12.1871,-5.5758
12.1871,-5.5758
27.5167,-21.1667
24.0089,-21.1066
29.6333,-4.3333
29.6333,-4.3333
29.6333,-4.3333
29.4336,-2.9147
29.4595,-3.0671
29.3580,-3.3772
30.1394,-2.6003
29.3068,-3.1940
30.1394,-2.6003
29.3993,-3.3581
29.4026,-3.1703
29.3993,-3.3581
29.6293,-2.9221
29.4512,-3.2189
30.1394,-2.6003
29.3580,-3.3772
29.2500,-3.3333
29.2500,-3.3333
29.2500,-3.3333
29.2500,-3.3333
29.4595,-3.0671
29.6244,-3.9488
29.8306,-2.9075
29.3068,-3.1940
29.4336,-2.9147
29.4026,-3.1703
29.3580,-3.3772
29.3068,-3.1940
29.4336,-2.9147
29.4026,-3.1703
29.3580,-3.3772
29.5466,-3.2915
29.3580,-3.3772
29.3068,-3.1940
29.3580,-3.3772
29.3580,-3.3772
29.3580,-3.3772
29.5466,-3.2915
29.3580,-3.3772
29.4289,-3.4050
29.4500,-3.4000
29.3580,-3.3772
29.4839,-3.3489
29.3910,-3.0804
29.4839,-3.3489
29.3580,-3.3772
29.3580,-3.3772
29.3549,-3.5215
29.6389,-3.1928
30.3500,-3.0166
29.1929,-2.9653
29.1101,-2.7560
29.2057,-2.8881
29.3580,-3.3772
29.3549,-3.5215
29.3910,-3.0804
30.3166,-2.7166
30.2207,-2.8520
30.3414,-2.8451
29.6139,-3.0556
29.3068,-3.1940
29.4595,-3.0671
29.4512,-3.2189
29.4011,-3.4022
29.3235,-3.7138
29.5466,-3.2915
29.3766,-3.3339
29.3993,-3.3581
29.4289,-3.4050
29.4500,-3.4000
29.4026,-3.1703
29.3580,-3.3772
29.9422,-4.1289
29.4026,-3.1703
29.6389,-3.1928
29.1929,-2.9653
29.1101,-2.7560
29.2057,-2.8881
29.0820,-2.8095
29.5466,-3.2915
29.5466,-3.2915
29.3068,-3.1940
29.4026,-3.1703
29.3580,-3.3772
29.3580,-3.3772
29.3580,-3.3772
29.3580,-3.3772
29.3580,-3.3772
29.1833,-2.9000
29.3580,-3.3772
29.4026,-3.1703
29.6293,-2.9221
29.4770,-3.4673
29.2057,-2.8881
30.2486,-3.4764
29.3910,-3.0804
29.3580,-3.3772
29.5466,-3.2915
29.3580,-3.6165
29.4386,-3.9736
29.3068,-3.1940
29.9943,-4.2371
29.8645,-2.8232
29.4386,-3.9736
10.4167,6.0000
8.5948,4.5663
15.0306,12.0769
9.7084,4.0469
9.7084,4.0469
9.7084,4.0469
9.7084,4.0469
10.1833,5.1500
10.1667,5.9333
9.7084,4.0469
9.7084,4.0469
8.5948,4.5663
8.5948,4.5663
8.5948,4.5663
8.5948,4.5663
8.5948,4.5663
8.5948,4.5663
8.5948,4.5663
9.7084,4.0469
8.5948,4.5663
8.5948,4.5663
8.5948,4.5663
15.5886,7.7576
16.4342,7.2452
17.2464,4.5326
18.5866,4.3620
18.0000,7.0000
17.7814,7.8856
15.7775,7.3987
17.5804,7.9028
17.7730,7.8762
18.5866,4.3620
26.4946,5.4039
16.9669,7.6173
18.0000,7.0000
16.9669,7.6173
16.5249,7.8162
15.6040,7.4785
15.6040,7.4785
26.4946,5.4039
18.2793,6.5026
15.3164,7.2067
18.1000,6.7167
15.6040,7.4785
18.2851,7.3010
18.2851,7.3010
17.7367,7.9167
17.6706,7.9684
16.9669,7.6173
16.9669,7.6173
16.9669,7.6173
16.9669,7.6173
21.9167,10.0833
26.4946,5.4039
18.1000,6.7167
26.4946,5.4039
18.0000,7.0000
15.6561,6.4973
26.4946,5.4039
26.4946,5.4039
15.6561,6.4973
22.3671,10.1511
16.4342,7.2452
17.8718,7.1664
26.4946,5.4039
16.0979,6.5181
18.0000,7.0000
26.4946,5.4039
26.4946,5.4039
15.6561,6.4973
15.7687,7.2539
15.6561,6.4973
15.5291,7.3023
26.4946,5.4039
26.4946,5.4039
26.4946,5.4039
18.0000,7.0000
26.4946,5.4039
21.9914,6.5374
15.6561,6.4973
23.3167,5.9333
23.3167,5.9333
18.5866,4.3620
18.6299,7.6976
18.6299,7.6976
18.6299,7.6976
18.6299,7.6976
26.4946,5.4039
16.3709,6.3186
26.4946,5.4039
23.3167,5.9333
23.2989,10.4682
23.2989,10.4682
23.2989,10.4682
16.3709,6.3186
22.7934,10.2730
18.0000,7.0000
22.7934,10.2730
18.5866,4.3620
26.4946,5.4039
22.7037,9.2705
17.4541,6.4934
21.9914,6.5374
17.4902,6.8672
25.3131,6.0430
16.4342,7.2452
18.5866,4.3620
18.5866,4.3620
20.6830,5.8670
26.4946,5.4039
22.2000,13.4667
19.6833,13.3000
19.7000,13.3000
15.0482,12.1085
15.4333,12.4666
15.0482,12.1085
15.0482,12.1085
15.0482,12.1085
15.0482,12.1085
15.0482,12.1085
15.0482,12.1085
15.0482,12.1085
15.0482,12.1085
22.2000,13.4667
15.0482,12.1085
15.0482,12.1085
18.7000,12.1833
20.2833,11.0333
21.1670,12.8670
21.1670,12.8670
15.0482,12.1085
16.5000,11.5666
20.8166,13.8166
15.0482,12.1085
21.9000,12.6666
21.9000,12.6666
15.0482,12.1085
21.0500,13.5333
15.0482,12.1085
19.2666,12.5000
15.1500,11.9833
22.2000,13.4667
21.3800,14.2200
21.3800,14.2200
21.9000,12.6666
21.3800,14.2200
21.4167,12.2167
20.4800,12.7700
21.3800,14.2200
20.9166,14.5333
21.4200,12.2200
21.4167,12.2167
21.3800,14.2200
20.4833,12.7666
21.3800,14.2200
21.9000,12.6667
20.9166,14.5333
21.3800,14.2200
21.4166,14.1000
21.9000,12.6666
21.3800,14.2200
21.3800,14.2200
21.4166,14.1000
21.4166,14.1000
21.4166,14.1000
15.0482,12.1085
21.5666,13.6666
21.5700,13.6700
15.0482,12.1085
18.2166,11.3333
16.9833,21.3500
15.0482,12.1085
22.2000,13.4667
22.4167,14.2167
20.8166,13.8166
22.4167,14.2167
22.4167,14.2167
22.4167,14.2167
15.0482,12.1085
20.8166,13.8166
22.2000,13.4667
22.4333,14.3667
22.3333,12.5666
15.0482,12.1085
28.5667,3.6167
29.3894,-0.7072
29.5000,4.1667
29.9833,1.1333
29.9833,1.1333
29.5730,-0.3675
29.9833,1.1333
29.5730,-0.3675
29.9833,1.1333
29.2272,-1.0826
29.9833,1.1333
29.2272,-1.0826
29.9833,1.1333
29.2272,-1.0826
30.7970,3.5613
29.9833,1.1333
29.2272,-1.0826
29.9833,1.1333
29.9833,1.1333
30.0166,1.2500
29.9833,1.1333
26.2166,-1.6833
29.4461,-1.1869
29.0167,-1.2000
28.8667,-2.5000
29.9833,1.1333
28.8202,-2.4680
29.9833,1.1333
29.9833,1.1333
29.9833,1.1333
28.7666,-1.3333
29.9833,1.1333
29.9833,1.1333
28.9000,-0.7000
24.9906,-8.7386
29.7640,1.3651
29.2141,-1.3838
20.0333,-5.0333
13.4500,-5.8373
17.9000,-4.3833
28.0333,3.7500
13.4500,-5.8373
28.9047,-2.0970
15.1044,-4.6200
28.7666,-1.3333
27.6756,4.7217
28.6333,-2.7000
29.5000,4.1667
27.1573,1.0017
28.8202,-2.4680
28.8202,-2.4680
28.8769,-1.6519
29.6124,0.8519
28.7666,-1.3333
28.8769,-1.6519
25.1896,0.5147
28.8769,-1.6519
28.8769,-1.6519
29.5000,4.1667
29.4461,-1.1869
28.9861,-1.5828
29.0667,-0.9833
29.4461,-1.1869
28.9441,-4.3011
28.7666,-1.3333
25.1896,0.5147
29.1731,-0.7006
28.7666,-1.3333
29.1167,-0.7833
29.4461,-1.1869
28.6458,-2.7077
29.1731,-0.7006
28.8667,-2.5000
25.7666,-2.4500
27.6212,4.7796
27.6212,4.7796
27.6212,4.7796
25.1896,0.5147
29.3728,-1.3211
28.8758,-2.1161
18.9500,-5.5166
27.9166,0.0833
29.4461,-1.1869
29.4461,-1.1869
26.8333,3.6500
26.8333,3.6500
29.1378,-3.3953
29.5000,4.1667
29.4461,-1.1869
29.5191,-0.0522
27.8697,0.4870
29.5730,-0.3675
29.5227,-1.1575
28.9441,-4.3011
29.4461,-1.1869
29.4461,-1.1869
29.2925,-1.0906
28.8667,-2.5000
28.8202,-2.4680
29.5191,-0.0522
28.9333,-1.2167
28.7666,-1.3333
29.4461,-1.1869
29.5191,-0.0522
29.4461,-1.1869
29.5191,-0.0522
29.2627,-1.5924
29.9167,1.1000
30.2500,1.5667
29.2386,-0.1587
28.7500,4.2333
28.7409,-1.2756
28.7409,-1.2756
29.8447,1.4382
29.2339,-1.6933
28.8167,-1.4000
29.4461,-1.1869
28.8167,-1.4000
29.4461,-1.1869
28.8167,-1.4000
29.4461,-1.1869
28.8167,-1.4000
29.4461,-1.1869
28.8167,-1.4000
29.4461,-1.1869
28.8167,-1.4000
29.4461,-1.1869
28.8167,-1.4000
29.4461,-1.1869
28.5900,-3.4155
28.7500,4.2333
29.5958,-1.2981
29.4461,-1.1869
29.3731,-1.4131
28.5667,3.6167
28.5667,3.6167
29.4461,-1.1869
29.4461,-1.1869
29.4461,-1.1869
29.4461,-1.1869
29.4461,-1.1869
29.0333,-1.1167
29.4461,-1.1869
28.1333,-1.5666
28.1333,-1.5666
28.9047,-2.0970
28.9047,-2.0970
28.8936,-1.7877
29.2926,-0.7887
29.0667,-0.9833
29.3594,-1.3439
29.0667,-0.9833
28.5667,3.6167
28.3166,-3.0166
29.0667,-0.9833
29.0231,-1.6136
29.5000,4.1667
28.3166,-3.0166
29.0231,-1.6136
29.5000,4.1667
29.0231,-1.6136
29.5000,4.1667
29.0231,-1.6136
29.5000,4.1667
29.5000,4.1667
29.3728,-1.3211
28.8936,-1.7877
29.5000,4.1667
29.3728,-1.3211
29.0212,-1.7077
28.8936,-1.7877
29.5000,4.1667
29.5000,4.1667
29.5000,4.1667
28.8667,-2.5000
29.0231,-1.6136
29.5000,4.1667
28.7500,4.2333
28.5667,3.6167
28.7500,4.2333
29.5000,4.1667
28.7500,4.2333
28.0666,3.8000
28.8167,-1.4000
29.5000,4.1667
28.7500,4.2333
24.0000,0.6833
28.0666,3.8000
29.2339,-1.6933
29.5000,4.1667
28.7500,4.2333
28.0666,3.8000
29.5000,4.1667
28.7500,4.2333
28.0666,3.8000
28.8167,-1.4000
29.5000,4.1667
28.7500,4.2333
29.5000,4.1667
28.7500,4.2333
29.5000,4.1667
29.5000,4.1667
29.4461,-1.1869
29.5000,4.1667
29.5000,4.1667
30.2500,1.5667
29.5000,4.1667
30.2500,1.5667
29.5000,4.1667
27.4741,-11.6596
30.2500,1.5667
29.5000,4.1667
30.2500,1.5667
30.2500,1.5667
30.2500,1.5667
30.2500,1.5667
29.5000,4.1667
30.2500,1.5667
30.2500,1.5667
30.2500,1.5667
29.5000,4.1667
30.2500,1.5667
30.2500,1.5667
30.2500,1.5667
30.2500,1.5667
29.5000,4.1667
30.2500,1.5667
23.9167,0.9500
29.1378,-3.3953
30.2500,1.5667
30.2500,1.5667
29.2339,-1.6933
30.2500,1.5667
29.5000,4.1667
30.2500,1.5667
30.2500,1.5667
30.2500,1.5667
29.2339,-1.6933
30.2500,1.5667
29.5000,4.1667
30.2500,1.5667
15.3222,-4.3250
29.4461,-1.1869
28.8167,-1.4000
30.2500,1.5667
30.2500,1.5667
29.2339,-1.6933
30.2500,1.5667
29.5000,4.1667
30.2500,1.5667
29.4461,-1.1869
30.2500,1.5667
30.2500,1.5667
29.2339,-1.6933
30.2500,1.5667
29.5000,4.1667
30.2500,1.5667
29.4461,-1.1869
30.2500,1.5667
29.2339,-1.6933
30.2500,1.5667
29.5000,4.1667
30.2500,1.5667
29.4461,-1.1869
30.2500,1.5667
29.3594,-1.3439
29.2339,-1.6933
30.2500,1.5667
29.5000,4.1667
30.2500,1.5667
29.4461,-1.1869
29.2339,-1.6933
30.2500,1.5667
29.5000,4.1667
30.2500,1.5667
29.4461,-1.1869
29.2339,-1.6933
30.2500,1.5667
29.5000,4.1667
30.2500,1.5667
29.4461,-1.1869
29.2339,-1.6933
30.2500,1.5667
29.5000,4.1667
30.2500,1.5667
29.4461,-1.1869
29.2339,-1.6933
29.2758,-1.2108
30.2500,1.5667
29.5000,4.1667
30.2500,1.5667
30.9918,2.2999
29.4461,-1.1869
29.2339,-1.6933
29.5000,4.1667
30.2500,1.5667
29.4461,-1.1869
29.2339,-1.6933
29.5000,4.1667
30.0333,1.4333
29.4461,-1.1869
29.2339,-1.6933
29.5000,4.1667
29.4461,-1.1869
29.2339,-1.6933
29.5000,4.1667
29.4461,-1.1869
29.2339,-1.6933
29.5000,4.1667
27.8997,4.1416
29.4461,-1.1869
29.2339,-1.6933
29.5000,4.1667
27.8997,4.1416
27.6756,4.7217
27.6756,4.7217
27.8997,4.1416
28.5667,3.6167
29.4461,-1.1869
29.2339,-1.6933
29.5000,4.1667
29.4461,-1.1869
29.2339,-1.6933
29.5000,4.1667
29.4461,-1.1869
29.3594,-1.3439
28.4667,-3.0000
29.2339,-1.6933
29.4461,-1.1869
29.2339,-1.6933
29.2339,-1.6933
28.4667,-3.0000
29.4461,-1.1869
28.4667,-3.0000
29.2339,-1.6933
28.4667,-3.0000
29.2339,-1.6933
29.4461,-1.1869
29.4461,-1.1869
29.4461,-1.1869
29.2339,-1.6933
28.5667,3.6167
29.2339,-1.6933
28.5667,3.6167
28.5667,3.6167
28.5667,3.6167
28.5667,3.6167
28.5667,3.6167
28.5667,3.6167
28.8167,-1.4000
29.4461,-1.1869
29.4461,-1.1869
29.2627,-1.5924
29.2339,-1.6933
28.8167,-1.4000
29.4461,-1.1869
29.2926,-0.7887
29.2925,-1.0906
29.2925,-1.0906
28.8667,-2.5000
27.6166,2.7666
29.1000,0.0833
24.7333,2.8000
29.2925,-1.0906
29.1731,-0.7006
29.2339,-1.6933
19.2576,2.6825
28.8667,-2.5000
28.8167,-1.4000
19.0667,-5.7833
29.3958,-1.1261
29.3958,-1.1261
29.4461,-1.1869
19.0667,-5.7833
19.0667,-5.7833
30.2500,1.5667
29.5000,4.1667
29.6237,-0.7369
29.3958,-1.1261
15.3222,-4.3250
29.5000,4.1667
29.5000,4.1667
29.5000,4.1667
29.5000,4.1667
25.1896,0.5147
29.5000,4.1667
29.5000,4.1667
29.5000,4.1667
29.2339,-1.6933
15.3222,-4.3250
29.2339,-1.6933
29.5000,4.1667
29.5000,4.1667
28.8667,-2.5000
29.5000,4.1667
30.1770,1.2072
30.2224,1.2979
29.5000,4.1667
29.5000,4.1667
29.3689,-0.8483
29.5000,4.1667
30.2500,1.5667
29.5000,4.1667
28.6166,4.3500
29.2339,-1.6933
29.5000,4.1667
27.6756,4.7217
29.7088,3.7352
29.5000,4.1667
27.6756,4.7217
27.6756,4.7217
27.2600,3.8833
29.5000,4.1667
27.6166,2.7666
27.8997,4.1416
27.6756,4.7217
27.6756,4.7217
28.7500,4.2333
29.7088,3.7352
27.2600,3.8833
28.7667,2.7833
28.6166,4.3500
27.6756,4.7217
29.7088,3.7352
29.7088,3.7352
27.6756,4.7217
27.8997,4.1416
27.6756,4.7217
28.7500,4.2333
29.7088,3.7352
27.2600,3.8833
26.3333,4.0833
27.6756,4.7217
27.2600,3.8833
27.6756,4.7217
26.3333,4.0833
27.6756,4.7217
2.4333,6.3500
8.7789,3.7531
11.3167,1.6333
42.3000,8.1333
36.5833,8.9333
41.4833,8.8000
45.0000,8.0000
42.8000,9.3500
44.7636,6.0917
42.8000,9.3500
42.8000,9.3500
42.8000,9.3500
42.8000,9.3500
42.8000,9.3500
42.8000,9.3500
42.8000,9.3500
42.8000,9.3500
42.8000,9.3500
42.8000,9.3500
42.8000,9.3500
42.8000,9.3500
42.8000,9.3500
45.0000,8.0000
42.8000,9.3500
39.7333,11.8667
39.7333,11.8667
39.7333,11.8667
39.7333,11.8667
39.7333,11.8667
39.7333,11.8667
39.7333,11.8667
38.2833,14.1383
39.7333,11.8667
38.2500,9.0500
39.7333,11.8667
39.9000,11.1833
39.7333,11.8667
38.5833,7.0167
38.5833,7.0167
38.5833,7.0167
38.5833,7.0167
38.5833,7.0167
38.5833,7.0167
38.5833,7.0167
38.5833,7.0167
38.5833,7.0167
38.7000,9.0333
42.8000,9.3500
42.8000,9.3500
38.7000,9.0333
42.8000,9.3500
42.8000,9.3500
42.8000,9.3500
42.8000,9.3500
42.8000,9.3500
40.7167,8.6500
39.7333,11.8667
39.0000,8.0000
39.7333,11.8667
41.0060,11.7940
39.0000,8.0000
39.7333,11.8667
39.0000,8.0000
39.7333,11.8667
38.7000,9.0333
39.7333,11.8667
39.7333,11.8667
39.7333,11.8667
39.7333,11.8667
39.7333,11.8667
39.7333,11.8667
39.7333,11.8667
39.7333,11.8667
37.6333,4.9667
39.7333,11.8667
39.7333,11.8667
39.7333,11.8667
42.3333,9.2167
42.6333,6.2667
42.8000,9.3500
42.8000,9.3500
39.7333,11.8667
39.7333,11.8667
38.7000,9.0333
39.7333,11.8667
42.8000,9.3500
42.8000,9.3500
39.7333,11.8667
36.2667,9.9167
36.2667,9.9167
41.7167,9.3167
39.7333,11.8667
42.3333,9.2167
42.3333,9.2167
42.3333,9.2167
42.8000,9.3500
44.1567,8.2561
44.1567,8.2561
38.7000,9.0333
35.9667,4.8000
41.0060,11.7940
34.5833,8.2500
44.2781,6.7400
44.2781,6.7400
44.2781,6.7400
44.2781,6.7400
45.3408,6.9744
45.3408,6.9744
45.3408,6.9744
45.0000,8.0000
45.0000,8.0000
42.8000,9.3500
42.8000,9.3500
39.7500,6.4167
39.7500,6.4167
38.8083,14.8144
43.1367,12.7125
43.1367,12.7125
40.1141,15.6597
43.1367,12.7125
43.1367,12.7125
43.1367,12.7125
43.1367,12.7125
39.4500,15.6097
43.1367,12.7125
43.1367,12.7125
43.1367,12.7125
43.1367,12.7125
43.1367,12.7125
43.1367,12.7125
43.1367,12.7125
38.9333,15.3333
43.1367,12.7125
39.0475,15.0700
37.8667,14.8833
39.9758,14.4686
43.1481,11.5950
42.7892,11.1906
9.4544,0.3901
9.4544,0.3901
-15.9333,13.2667
-16.5775,13.4531
-16.6667,13.2500
-16.5775,13.4531
-0.2500,11.0500
-0.2500,11.0500
-0.2500,11.0500
0.0167,10.4833
-0.2500,11.0500
-0.2500,11.0500
-0.8393,9.4008
-0.2666,9.7667
0.2833,10.1500
0.0167,7.8000
-0.1969,5.5560
-13.7122,9.5091
-13.7122,9.5091
-13.7122,9.5091
-13.7122,9.5091
-13.7122,9.5091
-13.7122,9.5091
-13.7122,9.5091
-12.8500,10.0700
-13.7122,9.5091
-13.7122,9.5091
-13.7122,9.5091
-13.6730,9.5511
-13.7122,9.5091
-13.7122,9.5091
-13.7122,9.5091
-7.5000,6.4167
-4.0281,5.3411
-6.6731,7.9611
-5.0167,7.6833
-6.4778,7.3819
-6.6731,7.9611
-6.4778,7.3819
-6.6731,7.9611
-6.4778,7.3819
-6.6731,7.9611
-5.0167,7.6833
-5.0167,7.6833
-5.0167,7.6833
-2.8000,8.0333
-6.4519,6.8747
-3.9631,7.0591
-3.9631,7.0591
-5.2833,6.8167
-4.0281,5.3411
-4.0281,5.3411
-4.0281,5.3411
-7.4858,6.5403
-6.6731,7.9611
-5.0167,7.6833
34.4667,-1.0667
36.7891,-1.3117
36.8167,-1.2833
39.6667,-4.0500
36.8608,-1.2614
35.3500,-0.7833
35.1667,-0.5000
35.2000,-0.6333
35.1333,-0.6833
35.2831,-0.3677
35.2833,-0.3666
34.7667,-0.6833
35.5321,-0.3012
34.4667,-1.0667
35.2667,-0.6166
35.7333,-0.2500
35.9449,-0.3316
34.7500,-0.1000
34.5667,-0.8666
35.3500,-0.7833
36.8167,-1.2833
36.8167,-1.2833
35.2667,-0.6166
35.7333,-0.2500
35.9449,-0.3316
34.7500,-0.1000
35.5321,-0.3012
36.0833,-0.3000
36.8167,-1.2833
39.6667,-4.0500
39.6667,-4.0500
39.6667,-4.0500
34.1117,0.4601
36.8167,-1.2833
36.8167,-1.2833
36.8804,-1.2407
36.8608,-1.2614
39.6667,-4.0500
36.0667,-0.2833
36.0667,-0.2833
35.0000,1.0167
36.8167,-1.2833
35.0000,1.0167
35.0000,1.0167
39.6667,-4.0500
36.7891,-1.3117
36.8608,-1.2614
34.7500,-0.1000
37.0667,3.3167
37.9833,2.3333
35.4333,0.2167
34.7167,0.8500
37.9833,2.3333
35.7333,-0.2500
36.8167,-1.2833
35.8500,-0.1666
35.0000,1.1667
35.0000,1.1667
35.7333,-0.2500
35.0000,1.0167
39.6667,-4.0500
34.5606,0.5635
35.2833,0.5167
36.7891,-1.3117
36.8608,-1.2614
34.4667,-1.0667
35.6833,-0.4666
35.1833,-0.5833
35.7333,-0.2500
38.3762,-3.4995
36.0833,-0.3000
35.8601,-1.0783
37.6834,-3.3988
38.5561,-3.3961
34.1117,0.4601
34.4571,-0.5273
34.7500,0.2833
35.1050,0.2039
34.7500,-0.1000
34.4864,0.3351
36.8167,-1.2833
34.7500,-0.1000
36.8608,-1.2614
35.2833,0.5167
39.6667,-4.0500
35.8601,-1.0783
36.7891,-1.3117
36.8608,-1.2614
35.6833,-0.4666
35.1833,-0.5833
35.7333,-0.2500
35.7333,-0.2500
38.3762,-3.4995
36.0833,-0.3000
35.8601,-1.0783
37.6834,-3.3988
38.5561,-3.3961
34.1117,0.4601
34.7500,-0.1000
36.8167,-1.2833
34.7500,-0.1000
36.8608,-1.2614
36.8167,-1.2833
35.8601,-1.0783
36.7891,-1.3117
39.6667,-4.0500
38.3762,-3.4995
38.5561,-3.3961
34.1117,0.4601
35.2833,0.5167
34.4571,-0.5273
34.7500,-0.1000
35.7333,-0.2500
36.8167,-1.2833
35.8601,-1.0783
34.7500,-0.1000
35.2833,-0.3666
35.2831,-0.3677
36.8608,-1.2614
35.2833,-0.3666
36.8608,-1.2614
36.8608,-1.2614
36.7891,-1.3117
34.8500,1.0667
34.8500,1.0667
35.5167,0.0500
35.8167,-0.3000
36.7500,-0.9333
35.7333,-0.1833
35.2833,-0.3666
36.8167,-1.2833
36.8167,-1.2833
34.8500,1.0667
36.8167,-1.2833
40.0333,-1.5036
36.8804,-1.2407
34.8500,1.0667
34.0667,0.0833
36.8804,-1.2407
36.0833,-0.3000
35.7333,-0.2500
36.6500,-1.1000
36.6500,-1.1000
36.0833,-0.3000
36.8167,-1.2833
35.7333,-0.2500
36.0833,-0.3000
36.0833,-0.3000
35.7333,-0.2500
35.6667,-0.3000
35.6667,-0.3000
36.0833,-0.3000
36.0833,-0.3000
36.0667,-0.2833
36.0833,-0.3000
36.0833,-0.3000
36.0833,-0.3000
36.0833,-0.3000
35.7333,-0.2500
36.0833,-0.3000
36.0833,-0.3000
36.4285,-0.7202
36.0833,-0.3000
36.0833,-0.3000
36.0833,-0.3000
35.7333,-0.2500
35.2833,0.5167
36.0833,-0.3000
36.0833,-0.3000
36.4285,-0.7202
36.4285,-0.7202
35.5973,3.1191
36.4285,-0.7202
36.0833,-0.3000
36.0833,-0.3000
35.4333,0.2167
36.0833,-0.3000
36.0833,-0.3000
36.0833,-0.3000
35.8500,-0.1666
36.0333,0.0333
37.3000,-0.1667
35.4333,0.2167
36.4285,-0.7202
34.3500,4.2000
34.3500,4.2000
34.7500,0.2833
34.7500,-0.1000
34.7500,-0.1000
36.9005,-1.3329
36.9005,-1.3329
36.4285,-0.7202
34.7500,-0.1000
36.4285,-0.7202
36.0833,-0.3000
35.2833,0.5167
34.7500,-0.1000
36.4285,-0.7202
36.0833,-0.3000
36.4285,-0.7202
36.4285,-0.7202
36.4285,-0.7202
34.7500,0.2833
34.7500,0.2833
34.7500,-0.1000
35.2833,0.5167
34.7500,0.2833
34.7500,0.2833
36.0833,-0.3000
34.7500,-0.1000
36.4285,-0.7202
36.4285,-0.7202
36.4285,-0.7202
36.7891,-1.3117
36.4285,-0.7202
36.4285,-0.7202
36.7891,-1.3117
35.2833,0.5167
34.7500,-0.1000
35.2833,0.5167
35.2833,0.5167
35.2833,0.5167
36.7891,-1.3117
36.8061,-1.2436
34.7500,-0.1000
36.0000,-0.6000
37.1167,-1.1833
34.2014,0.3036
37.1167,-1.1833
36.8167,-1.2833
36.7891,-1.3117
36.6667,-1.1333
35.2833,0.5167
35.2833,0.5167
35.2833,0.5167
35.2833,0.5167
35.2833,0.5167
35.2167,-0.3166
34.9167,-0.5666
34.7500,-0.1000
34.7500,-0.1000
35.2831,-0.3677
35.2831,-0.3677
34.9500,-0.7833
35.2833,0.5167
35.2831,-0.3677
34.7500,-0.1000
35.2831,-0.3677
35.0167,-0.5333
35.2833,0.5167
35.0167,-0.8166
34.9167,-0.5666
35.2833,0.5167
35.2833,0.5167
35.2831,-0.3677
34.7667,-0.6833
35.3500,-0.7833
34.7667,-0.6833
34.7667,-0.6833
36.4285,-0.7202
35.2833,0.5167
36.0833,-0.3000
36.0833,-0.3000
36.2833,-1.9000
36.8608,-1.2614
36.8608,-1.2614
36.8167,-1.2833
35.6833,0.9333
36.5000,0.3167
35.0000,1.0167
35.0000,1.0167
34.7000,1.1333
36.8167,-1.2833
36.8167,-1.2833
35.0000,1.0167
36.7500,0.4167
35.0000,1.0167
36.7500,0.4167
36.7500,0.4167
36.5000,0.3167
36.5500,0.3667
36.7500,0.4167
36.5000,0.3167
36.5500,0.3667
36.7500,0.4167
36.5000,0.3167
36.7500,0.4167
36.5000,0.3167
36.7500,0.4167
36.5500,0.3667
37.0667,3.3167
37.0667,3.3167
36.0833,-0.3000
36.9500,-0.4167
36.8608,-1.2614
37.0833,-1.0500
36.9500,-0.4167
35.2833,0.5167
36.6500,-1.1000
37.1500,-0.7166
36.8167,-1.2833
36.4285,-0.7202
36.0833,-0.3000
36.9500,-0.4167
35.2833,0.5167
36.0000,0.5000
34.8500,1.0667
36.8167,-1.2833
35.0000,1.0167
36.8167,-1.2833
36.9001,-1.2501
36.6833,-1.2333
36.9165,-1.1834
36.7517,-1.2828
36.9129,-1.2775
39.6667,-4.0500
36.8167,-1.2833
37.0333,-0.8166
36.3667,0.0333
36.9000,-1.0500
36.9667,-1.1500
36.9000,-1.0500
36.6833,-1.2333
34.9167,-0.5666
36.8167,-1.2833
34.3794,0.7911
39.6461,-0.4536
36.5333,0.8833
35.7430,0.4919
35.7430,0.4919
36.8167,-1.2833
34.4564,0.8099
36.8167,-1.2833
36.9129,-1.2775
36.8333,-0.3666
36.7891,-1.3117
36.7891,-1.3117
34.7500,-0.1000
36.8167,-1.0833
36.7891,-1.3117
36.0000,3.5000
35.5973,3.1191
35.5973,3.1191
34.3500,4.2000
36.9333,2.7167
37.0667,3.3167
36.8167,-1.2833
37.0833,-1.0500
36.8167,-1.2833
34.6500,-1.2500
36.8167,-1.2833
36.7436,-1.2695
35.4333,0.2167
37.0667,0.0167
35.4333,0.2167
34.7000,1.1333
34.3500,4.2000
36.8669,-0.1828
34.7500,0.2833
35.1500,1.8000
34.5926,0.8260
34.5926,0.8260
35.7333,-0.2500
34.7167,0.8500
36.8167,-1.2833
40.8723,0.3534
36.8604,-1.2977
36.8604,-1.2977
38.0667,-0.9333
37.1500,-0.7166
37.3000,-0.1667
39.6954,-4.0525
36.8167,-1.2833
36.8178,-1.2608
36.6980,1.0968
36.9833,-0.5833
37.5833,0.0167
39.2833,-4.4000
34.4571,-0.5273
37.0000,-0.6167
37.6500,0.0500
34.4500,-1.1667
37.7333,-3.3667
36.9306,-0.4761
37.0928,-0.0579
36.0358,1.9516
36.9333,2.7167
34.4564,0.8099
35.5973,3.1191
34.7167,0.8500
36.0000,-0.6000
37.6834,-3.3988
35.5077,0.6702
35.5575,0.9805
36.7500,0.4167
36.0833,-0.3000
36.8167,-1.2833
35.8601,-1.0783
36.8367,-1.2865
36.7611,-1.2989
34.8667,3.7167
36.0841,2.9791
34.7167,-0.0833
36.0833,-0.3000
40.0333,-1.5036
36.0000,-0.6000
37.0667,3.3167
34.7167,0.8500
37.0667,3.3167
36.8167,-1.2833
36.4285,-0.7202
34.4187,4.5306
39.6142,-3.9855
37.8167,-2.2833
36.9403,-1.3964
35.2833,0.5167
34.3500,4.2000
36.8494,-1.2973
34.3675,4.4855
34.3500,4.2000
36.0667,-0.2833
36.0833,-0.3000
40.6000,3.8667
41.8542,3.9357
41.8542,3.9357
41.8542,3.9357
35.2167,0.9833
36.7000,1.1000
36.7000,1.1000
37.5822,0.3546
40.9358,2.8094
41.8542,3.9357
40.9358,2.8094
36.9129,-1.2775
36.8167,-1.2833
41.8443,3.9199
41.8443,3.9199
41.8542,3.9357
40.9358,2.8094
36.4333,-0.7166
40.9358,2.8094
41.8542,3.9357
36.9000,-2.0166
36.8167,-1.2833
36.9500,-0.4167
36.9500,-0.4167
35.6000,3.1167
35.6000,3.1167
35.8601,-1.0783
36.8167,-1.2833
37.3833,-2.7500
40.0333,-1.4833
37.5000,0.4333
40.0333,-1.4833
40.0333,-1.4833
40.0333,-1.4833
39.1724,0.7305
27.4833,-29.3167
-8.8600,6.4900
-10.7800,6.3500
-10.8000,6.3100
-9.2000,6.6200
-9.7524,8.4226
-7.7200,4.3800
-7.7200,4.3800
-10.3514,6.5319
-10.3514,6.5319
-10.6900,6.2400
-8.8400,7.1100
-10.8000,6.3100
-10.8000,6.3100
-10.8000,6.3100
-10.3500,6.2800
-11.2800,6.9800
-10.3500,6.2800
13.1800,32.8925
13.1800,32.8925
20.1293,32.1177
22.0000,23.6667
23.2696,24.1667
20.1293,32.1177
49.5167,-13.1833
33.7833,-13.9833
33.7833,-13.9833
34.5248,-15.6026
34.3000,-11.6000
33.6000,-11.9000
2.8575,19.9625
1.4100,18.4400
1.4100,18.4400
1.4100,18.4400
1.4100,18.4400
1.4100,18.4400
1.4100,18.4400
-6.0160,14.6800
-6.2492,13.4312
1.7500,19.1167
1.7500,19.1167
2.8575,19.9625
2.8575,19.9625
2.8575,19.9625
1.4100,18.4400
0.9905,20.2581
0.7167,15.3409
-4.9100,15.7100
-3.0056,16.7705
-5.7833,12.1000
-0.0447,16.2717
-16.0406,18.1194
-16.0406,18.1194
-16.0406,18.1194
-16.0406,18.1194
-16.0406,18.1194
-16.0406,18.1194
-16.0406,18.1194
-16.0406,18.1194
-16.0406,18.1194
-16.0406,18.1194
-16.0406,18.1194
-16.0406,18.1194
-16.0406,18.1194
-11.7500,22.5000
-16.0406,18.1194
-16.0406,18.1194
-6.8326,34.0133
-7.6192,33.5928
-7.3830,33.6861
-6.8326,34.0133
-13.1880,27.1418
-10.6089,26.0928
-10.1730,29.3798
-6.8326,34.0133
-15.9424,23.6927
-11.6719,26.7384
-11.6719,26.7384
-6.8326,34.0133
-7.6192,33.5928
-6.8326,34.0133
38.2569,-16.8403
32.5994,-25.8750
32.5892,-25.9653
32.9833,-24.5333
33.5306,-24.6867
35.3211,-24.1406
34.1892,-24.9222
33.4833,-19.1164
32.5892,-25.9653
32.5892,-25.9653
34.8389,-19.8436
34.8389,-19.8436
34.8389,-19.8436
34.8389,-19.8436
34.7431,-19.6094
34.8389,-19.8436
34.7317,-20.1550
34.8389,-19.8436
32.5892,-25.9653
32.5892,-25.9653
16.2167,-17.7167
18.1333,-26.5833
18.1333,-26.5833
17.0836,-22.5700
18.1333,-26.5833
17.3333,-21.6667
13.8500,-18.0667
17.0836,-22.5700
17.0836,-22.5700
17.0836,-22.5700
17.0603,-22.5231
17.0836,-22.5700
17.0603,-22.5231
18.1333,-26.5833
17.0836,-22.5700
17.0603,-22.5231
17.0603,-22.5231
14.9833,-17.5000
17.0836,-22.5700
18.2500,-26.0000
2.1200,13.5200
8.8879,14.9709
7.9900,16.9700
2.7037,15.0416
8.0120,17.5962
7.7844,18.4825
7.9900,16.9700
12.6100,13.3200
12.6100,13.3200
7.9900,16.9700
8.8879,14.9709
7.9900,16.9700
0.5656,14.2490
7.9900,16.9700
7.9900,16.9700
7.9900,16.9700
7.9900,16.9700
2.1200,13.5200
7.9900,16.9700
7.9900,16.9700
7.9900,16.9700
2.1200,13.5200
8.1012,17.2682
2.1200,13.5200
9.1833,13.6500
1.4531,14.2117
2.1200,13.5200
2.1200,13.5200
7.1681,4.4522
7.0134,4.7774
7.0134,4.7774
7.0134,4.7774
6.7722,4.7317
7.5333,9.0833
7.4000,5.1667
3.1561,6.9739
8.8921,9.9285
7.4383,10.5222
7.0134,4.7774
7.0875,6.0606
7.3500,4.4167
7.5333,9.0833
7.0741,6.2101
7.7926,6.4277
3.3244,6.6143
7.0134,4.7774
5.7500,5.5167
5.1159,7.1127
5.3208,5.3862
5.3208,5.3862
8.8921,9.9285
7.9209,4.6412
7.0134,4.7774
6.7430,7.8024
7.0134,4.7774
7.1681,4.4522
9.8433,10.3134
9.8433,10.3134
6.4003,4.5394
6.2642,4.9247
6.2642,4.9247
7.0134,4.7774
8.1169,6.3163
6.4003,4.5394
6.0005,5.5950
6.0005,5.5950
7.9266,5.0333
7.0134,4.7774
3.5833,7.0000
7.1681,4.4522
6.7339,6.2006
3.3958,6.4531
5.1931,7.2526
6.0000,4.8333
7.9416,5.7463
7.9541,9.8734
6.7834,12.7776
6.5569,9.6139
7.0134,4.7774
3.3958,6.4531
7.6006,12.9894
6.0000,4.8333
9.0604,10.0545
9.0604,10.0545
9.0604,10.0545
6.7339,6.2006
7.1681,4.4522
13.3849,10.6159
12.8470,10.8658
7.1681,4.4522
3.3958,6.4531
13.1603,11.8464
5.7615,7.6448
6.8446,6.1516
6.2642,4.9247
7.2369,5.9640
7.1681,4.4522
6.4003,4.5394
6.2642,4.9247
6.3333,6.7000
6.0000,4.8333
3.9353,7.5364
7.0134,4.7774
7.0134,4.7774
7.0134,4.7774
7.0134,4.7774
6.7500,6.1833
5.6091,4.8150
5.6091,4.8150
6.0000,4.8333
7.9209,4.6412
13.1603,11.8464
6.0000,4.8333
5.7500,5.5167
6.2642,4.9247
7.1681,4.4522
6.7237,4.3938
8.5121,7.7411
3.4761,6.6053
7.0134,4.7774
6.2642,4.9247
7.1681,4.4522
7.3081,11.5233
6.3269,4.7741
6.4003,4.5394
7.1681,4.4522
7.0134,4.7774
6.0000,4.8333
6.4003,4.5394
6.4003,4.5394
3.5833,7.0000
6.7722,4.7317
8.7569,6.8559
3.3958,6.4531
8.5167,12.0001
5.1931,7.2526
6.0000,4.8333
12.4833,9.2000
7.1681,4.4522
7.1681,4.4522
6.0000,4.8333
7.0134,4.7774
8.5167,12.0001
8.5167,12.0001
5.7500,5.5167
5.0447,7.7093
3.3958,6.4531
6.0000,4.8333
4.5667,7.7667
7.0134,4.7774
6.2642,4.9247
10.7731,12.3691
3.3958,6.4531
7.0304,5.4833
13.1603,11.8464
6.7500,6.1833
6.7339,6.2006
7.0134,4.7774
7.0134,4.7774
6.2642,4.9247
6.2642,4.9247
7.7926,6.4277
8.1169,6.3163
3.3592,6.4456
5.9828,4.3225
7.0304,5.4833
6.6440,4.3417
6.0000,4.8333
6.0000,4.8333
6.6803,4.6755
6.2652,5.0002
6.4003,4.5394
6.2154,4.6567
7.0134,4.7774
6.6803,4.6755
6.6440,4.3417
7.0134,4.7774
7.1681,4.4522
5.1321,7.6668
12.0667,8.4333
11.9367,11.5032
7.0134,4.7774
3.3500,7.1500
8.5121,7.7411
6.0000,4.8333
3.2333,6.6000
3.3958,6.4531
7.9541,9.8734
3.3500,7.1500
7.0134,4.7774
8.5167,8.4833
7.1681,4.4522
7.1681,4.4522
3.9220,6.9362
6.7339,6.2006
7.4617,5.9896
6.0000,4.8333
6.0000,4.8333
3.3958,6.4531
7.1681,4.4522
7.0134,4.7774
7.1681,4.4522
7.0134,4.7774
6.2642,4.9247
7.0134,4.7774
8.5167,12.0001
6.0000,4.8333
7.0134,4.7774
7.0304,5.4833
3.8964,7.3878
6.0000,4.8333
5.7500,5.5167
6.4003,4.5394
7.0134,4.7774
5.7918,5.3618
8.2989,7.8195
7.3667,5.1066
5.6275,6.3350
3.8964,7.3878
8.8921,9.9285
5.7500,5.5167
8.8921,9.9285
6.7430,7.8024
3.3958,6.4531
6.0074,5.4899
6.2642,4.9247
7.5478,4.5648
7.0741,6.2101
7.0134,4.7774
6.4000,5.0833
5.1931,7.2526
7.9266,5.0333
3.3500,7.1500
9.4984,11.4459
6.9766,6.1842
5.9708,4.5780
9.9833,7.2667
8.4870,7.2964
-15.2977,11.8400
-15.2977,11.8400
29.6300,-1.9900
29.7551,-2.0761
30.2251,-1.5946
30.0979,-1.9628
30.0501,-1.9498
30.0383,-1.9638
30.0383,-1.9638
30.0383,-1.9638
30.0383,-1.9638
30.0383,-1.9638
30.0383,-1.9638
30.0383,-1.9638
-17.4441,14.6667
-16.2666,12.5833
-15.9666,12.5333
-17.4441,14.6667
-17.4441,14.6667
-17.4441,14.6667
-16.2666,12.5833
-16.2666,12.5833
-16.2264,12.8103
-16.2700,13.0700
-17.4441,14.6667
-16.2000,12.5000
-16.2666,12.5833
-17.4441,14.6667
-16.3000,12.7667
-16.2264,12.8103
-17.4441,14.6667
-17.4441,14.6667
-17.4441,14.6667
-17.4441,14.6667
-13.1053,8.3817
-13.1053,8.3817
-13.2341,8.4900
-13.2341,8.4900
-10.9716,8.6447
-11.1899,7.8767
-11.1899,7.8767
-11.1899,7.8767
-13.2341,8.4900
-13.2341,8.4900
-13.2341,8.4900
-11.5500,9.5833
-11.3166,9.8500
-13.2341,8.4900
45.1160,2.1500
45.3900,2.0844
45.3200,2.0480
45.3337,2.0414
45.1160,2.1500
45.3199,2.0494
45.3300,2.0549
45.3199,2.0494
43.6469,3.1172
45.3341,2.0462
46.3867,5.5376
42.0710,0.5172
45.3300,2.0549
45.3003,2.0581
45.2043,4.7360
41.5005,-1.0354
45.3199,2.0494
43.6469,3.1172
45.3500,2.0678
44.8936,2.6195
45.3003,2.0581
45.3900,2.0844
42.2860,2.3399
45.2259,2.2204
42.0710,0.5172
45.3200,2.0480
44.5313,1.7859
45.3500,2.0678
44.6905,2.2524
42.5463,-0.3603
49.1806,11.2837
45.2500,2.0095
45.5336,9.5221
42.7666,0.4833
45.3300,2.0549
45.3341,2.0462
45.2043,4.7360
43.6469,3.1172
45.2043,4.7360
42.5463,-0.3603
45.2259,2.2204
45.3500,2.0333
43.7969,3.0399
47.4306,6.7692
49.1806,11.2837
47.3544,8.4736
47.3544,8.4736
45.3199,2.0494
45.3500,2.0678
45.3500,2.0678
45.0548,2.0537
45.3337,2.0414
49.1806,11.2837
45.3500,2.0678
47.4306,6.7692
47.4306,6.7692
45.1160,2.1500
45.3199,2.0494
45.3337,2.0414
45.3341,2.0462
42.2199,3.3280
42.5463,-0.3603
45.3500,2.0333
45.3368,2.0411
45.3692,2.0978
46.3964,6.1478
45.2500,2.0095
45.3900,2.0844
46.0882,4.3934
45.3300,2.0549
45.3368,2.0411
45.2500,2.0095
44.8936,2.6195
45.2043,4.7360
42.5463,-0.3603
45.3337,2.0414
43.6469,3.1172
43.6469,3.1172
45.2259,2.2204
45.3833,2.3900
44.6979,2.6632
45.1160,2.1500
45.3300,2.0276
49.1806,11.2837
45.3900,2.0652
45.3337,2.0414
45.3368,2.0411
45.3051,2.0152
45.3900,2.0844
42.5463,-0.3603
45.2000,4.7500
45.3199,2.0494
45.3107,2.0316
45.3199,2.0494
42.5463,-0.3603
45.2043,4.7360
45.3500,2.0333
45.3337,2.0414
45.3400,2.0337
45.2043,4.7360
42.9766,2.4074
45.2043,4.7360
45.2043,4.7360
45.3100,2.0195
45.3833,2.3900
45.3500,2.0678
45.3337,2.0414
49.8500,7.9666
45.1160,2.1500
45.5969,3.3834
45.2398,4.8476
45.5651,3.8519
45.2043,4.7360
49.1806,11.2837
45.3900,2.0844
45.3500,2.0678
45.3337,2.0414
44.8333,1.9833
45.3500,2.0333
42.5463,-0.3603
45.2500,2.0095
45.3003,2.0581
45.3500,2.0333
44.7639,1.7131
45.3200,2.0480
42.4522,1.6394
45.2043,4.7360
45.3500,2.0678
45.3100,2.0195
43.6469,3.1172
45.3337,2.0414
45.2043,4.7360
43.6469,3.1172
45.3500,2.0678
47.3544,8.4736
45.5252,5.1994
49.1806,11.2837
45.1160,2.1500
43.6469,3.1172
49.8500,7.9666
45.2500,2.0095
47.4831,8.5430
45.3692,2.0978
45.3337,2.0414
45.3300,2.0276
45.2043,4.7360
45.3500,2.0678
45.3500,2.0678
45.3200,2.0480
45.2043,4.7360
45.3368,2.0411
41.0124,0.4063
44.5313,1.7859
45.3200,2.0480
45.3900,2.0844
45.2500,2.0095
45.3199,2.0494
44.5313,1.7859
43.6469,3.1172
45.5625,4.2117
45.1023,1.9233
45.3199,2.0494
45.1160,2.1500
45.3337,2.0414
45.3500,2.0333
45.3500,2.0678
41.0124,0.4063
45.3341,2.0462
42.9766,2.4074
45.1160,2.1500
45.3016,2.0265
45.4968,2.7809
45.1820,3.0758
45.3300,2.0276
45.3337,2.0414
45.3500,2.0476
45.5172,2.7038
45.3003,2.0581
45.3500,2.0333
45.3900,2.0652
45.3200,2.0480
45.3900,2.0652
45.3199,2.0494
41.0124,0.4063
45.3900,2.0844
44.0821,2.8049
45.3900,2.0652
45.2043,4.7360
46.6271,6.1457
43.0043,2.8712
45.3337,2.0414
48.4819,8.4064
42.5446,3.8000
43.6500,3.1166
45.1160,2.1500
45.2043,4.7360
43.8901,4.1230
43.6469,3.1172
43.4666,2.8936
45.2897,2.0205
42.4522,1.6394
45.3300,2.0276
45.3500,2.0678
45.1160,2.1500
45.3900,2.0652
45.3300,2.0549
44.7639,1.7131
45.3500,2.0678
43.6469,3.1172
45.3300,2.0549
45.3300,2.0549
43.6469,3.1172
45.2043,4.7360
45.3500,2.0678
45.3500,2.0678
45.3337,2.0414
49.1806,11.2837
45.4968,2.7809
45.3100,2.0195
45.2043,4.7360
44.0821,2.8049
45.3337,2.0414
45.3337,2.0414
46.3964,6.1478
45.1160,2.1500
45.2043,4.7360
45.8774,5.3083
45.3200,2.0480
45.8774,5.3083
45.3300,2.0549
45.3833,2.3900
49.1806,11.2837
45.3003,2.0581
45.3199,2.0494
44.5313,1.7859
45.1160,2.1500
47.4306,6.7692
43.6469,3.1172
45.3692,2.0978
45.1160,2.1500
44.8936,2.6195
45.3900,2.0844
45.3500,2.0333
45.3200,2.0480
45.5347,2.9704
49.1806,11.2837
45.3500,2.0333
45.2043,4.7360
45.4968,2.7809
45.3500,2.0678
45.3300,2.0549
45.4968,2.7809
44.6961,1.7087
44.8936,2.6195
45.2259,2.2204
45.3300,2.0549
45.3500,2.0678
45.5651,3.8519
45.3833,2.3500
45.3337,2.0414
44.8936,2.6195
45.3500,2.0476
45.3500,2.0678
45.4968,2.7809
45.3199,2.0494
45.3199,2.0494
44.7709,3.2307
45.5651,3.8519
45.3337,2.0414
44.8936,2.6195
45.3337,2.0414
45.5625,4.2117
45.3300,2.0549
42.5732,1.2448
47.3544,8.4736
45.3337,2.0414
45.5969,3.3834
45.2043,4.7360
46.6271,6.1457
43.0043,2.8712
43.6469,3.1172
45.3337,2.0414
45.3337,2.0414
43.8901,4.1230
45.3337,2.0414
45.5347,2.9704
45.5347,2.9704
45.4968,2.7809
45.5347,2.9704
45.1160,2.1500
45.3300,2.0549
45.3337,2.0414
43.8045,1.2495
43.6469,3.1172
45.3833,2.3900
45.2500,2.0095
43.6469,3.1172
45.3337,2.0414
43.6469,3.1172
45.3337,2.0414
45.2043,4.7360
45.2259,2.2204
45.2043,4.7360
48.5857,11.3069
45.3337,2.0414
43.1333,2.5333
45.3500,2.0678
45.3337,2.0414
41.0124,0.4063
47.8333,7.6167
45.2259,2.2204
43.6469,3.1172
48.8510,7.2135
45.3500,2.0333
45.2043,4.7360
45.1160,2.1500
45.3100,2.0195
45.5625,4.2117
45.4681,3.1760
45.3337,2.0414
45.2500,2.0095
44.7639,1.7131
45.2043,4.7360
49.1806,11.2837
45.2043,4.7360
45.2043,4.7360
45.3300,2.0549
44.0668,9.5598
45.5969,3.3834
45.3900,2.0652
43.6469,3.1172
45.5336,9.5221
43.6469,3.1172
45.3337,2.0414
45.3337,2.0414
45.3500,2.0678
45.3900,2.0844
45.3500,2.0678
45.3400,2.0337
43.6469,3.1172
45.3400,2.0337
46.3160,2.7500
46.3222,2.7603
45.3300,2.0549
48.4819,8.4064
45.1160,2.1500
47.1803,3.8491
45.3900,2.0844
48.4819,8.4064
45.3500,2.0678
45.2500,2.0095
45.5124,2.9647
43.2463,3.8096
45.3500,2.0678
45.3900,2.0844
45.2897,2.0205
45.3500,2.0333
45.2500,2.0095
44.9872,4.1949
45.3337,2.0414
45.3337,2.0414
46.3222,2.7603
49.2000,9.7500
45.3500,2.0678
45.3300,2.0549
49.1806,11.2837
45.5651,3.8519
45.3337,2.0414
42.5463,-0.3603
43.2463,3.8096
42.3830,-0.5300
49.1806,11.2837
42.5463,-0.3603
45.2500,2.0095
45.3300,2.0549
43.1365,3.0548
45.3500,2.0333
45.3003,2.0292
43.6469,3.1172
43.0043,2.8712
44.0668,9.5598
43.6469,3.1172
45.3300,2.0549
42.5446,3.8000
45.3500,2.0333
45.3400,2.0456
43.6469,3.1172
45.3337,2.0414
45.3337,2.0414
42.5732,1.2448
45.3500,2.0333
45.3500,2.0476
45.3337,2.0414
45.3833,2.3500
45.3337,2.0414
45.3500,2.0333
43.6469,3.1172
43.6469,3.1172
42.7666,0.4833
45.3500,2.0678
45.5172,2.7038
45.4968,2.7809
45.3337,2.0414
46.3867,5.5376
44.8333,1.9833
45.3900,2.0844
45.3500,2.0333
42.5463,-0.3603
48.4819,8.4064
42.5463,-0.3603
45.5347,2.9704
45.3337,2.0414
42.5446,3.8000
45.3500,2.0678
45.3500,2.0333
45.3100,2.0195
45.2500,2.0095
47.4306,6.7692
45.3199,2.0494
45.2897,2.0205
45.1635,2.0996
45.3900,2.0844
44.8936,2.6195
45.2043,4.7360
44.8936,2.6195
43.6469,3.1172
45.2043,4.7360
45.2500,2.0095
45.5674,3.8538
45.3900,2.0652
45.3100,2.0195
45.2043,4.7360
45.2500,3.2800
43.6469,3.1172
45.3500,2.0678
44.6977,2.6295
45.3337,2.0414
45.3500,2.0678
43.6469,3.1172
45.2500,2.0095
45.5347,2.9704
46.3867,5.5376
45.3900,2.0844
45.3107,2.0316
45.1160,2.1500
42.7382,0.0692
42.4522,1.6394
45.4968,2.7809
42.4522,1.6394
45.3500,2.0678
45.3500,2.0678
42.7382,0.0692
45.3500,2.0333
45.2500,2.0095
45.3500,2.0333
45.4968,2.7809
45.3500,2.0333
44.5090,2.7144
42.5463,-0.3603
44.8936,2.6195
45.3900,2.0844
45.3500,2.0333
42.7666,0.4833
45.3500,2.0678
42.5463,-0.3603
44.0821,2.8049
42.5463,-0.3603
45.3337,2.0414
45.3337,2.0414
45.3900,2.0844
43.6469,3.1172
43.6469,3.1172
42.7751,0.2494
47.3544,8.4736
44.5090,2.7144
43.6469,3.1172
44.8936,2.6195
45.3900,2.0844
45.3337,2.0414
44.8888,2.6133
43.6469,3.1172
45.3337,2.0414
45.3500,2.0333
43.6469,3.1172
45.3500,2.0333
45.3337,2.0414
43.6469,3.1172
45.4968,2.7809
45.3337,2.0414
42.5463,-0.3603
45.3500,2.0333
43.6469,3.1172
45.2500,2.0095
45.2500,2.0095
45.3300,2.0549
45.3500,2.0678
46.3964,6.1478
45.3500,2.0333
42.7382,0.0692
45.3500,2.0678
46.3867,5.5376
48.5268,5.3505
45.3337,2.0414
47.4306,6.7692
46.3583,6.2185
45.4968,2.7809
45.3300,2.0549
45.3337,2.0414
45.3900,2.0844
45.3500,2.0678
45.3500,2.0678
45.3500,2.0333
45.2500,2.0095
49.1806,11.2837
45.3200,2.0480
45.3337,2.0414
42.4522,1.6394
45.3500,2.0333
42.0710,0.5172
45.2500,2.0095
45.3337,2.0414
43.6469,3.1172
45.3500,2.0476
45.3500,2.0476
45.2897,2.0205
45.3337,2.0414
43.6469,3.1172
46.3222,2.7603
44.8936,2.6195
45.3300,2.0549
45.3200,2.0480
43.6469,3.1172
43.6469,3.1172
45.3500,2.0333
49.1806,11.2837
45.2043,4.7360
42.5463,-0.3603
47.4306,6.7692
43.6469,3.1172
45.3337,2.0414
45.3337,2.0414
45.3003,2.0581
46.3867,5.5376
43.6469,3.1172
45.3337,2.0414
45.3833,2.3500
42.5463,-0.3603
45.3500,2.0678
45.1160,2.1500
45.3337,2.0414
45.4968,2.7809
45.3900,2.0844
45.3500,2.0333
43.0043,2.8712
45.3500,2.0333
45.5651,3.8519
45.2043,4.7360
45.3300,2.0549
48.1949,11.1603
45.3199,2.0494
42.5463,-0.3603
42.5463,-0.3603
43.6469,3.1172
45.1160,2.1500
45.2259,2.2204
45.3900,2.0652
45.3900,2.0652
44.7639,1.7131
45.3900,2.0844
45.3300,2.0549
45.3900,2.0844
49.8500,7.9666
45.3500,2.0678
47.4306,6.7692
45.3500,2.0333
45.3500,2.0678
48.5268,5.3505
45.3200,2.0480
45.3100,2.0195
45.3107,2.0316
45.3500,2.0333
45.2500,2.0095
44.0821,2.8049
45.8774,5.3083
51.1000,10.8000
44.0821,2.8049
43.6469,3.1172
45.3900,2.0652
45.3900,2.0652
45.3003,2.0581
42.5463,-0.3603
42.0710,0.5172
44.5313,1.7859
45.3500,2.0678
42.9766,2.4074
45.3500,2.0333
45.3900,2.0652
42.7666,0.4833
47.3681,10.6218
47.1803,3.8491
45.3900,2.0844
45.3500,2.0678
48.4819,8.4064
44.8936,2.6195
44.5090,2.7144
45.3900,2.0844
45.3500,2.0678
45.3100,2.0195
45.4968,2.7809
45.3833,2.3500
45.3500,2.0333
47.4306,6.7692
47.4306,6.7692
44.8936,2.6195
42.5446,3.8000
45.3500,2.0476
45.5625,4.2117
45.3300,2.0276
45.1023,1.9233
43.6469,3.1172
45.4590,4.3349
45.2500,2.0095
43.6469,3.1172
45.2043,4.7360
45.2259,2.2204
45.3200,2.0480
45.2043,4.7360
45.2259,2.2204
45.3100,2.0195
45.3200,2.0480
42.5463,-0.3603
45.3337,2.0414
45.2043,4.7360
45.4681,3.1760
45.2043,4.7360
42.4947,3.1685
42.5463,-0.3603
45.3500,2.0333
45.3003,2.0581
42.0710,0.5172
45.2043,4.7360
45.3107,2.0316
45.0500,2.1160
43.8901,4.1230
45.1160,2.1500
43.8901,4.1230
45.3337,2.0414
43.6469,3.1172
45.8774,5.3083
45.3500,2.0333
44.8936,2.6195
45.2043,4.7360
47.4306,6.7692
45.3100,2.0195
45.8774,5.3083
46.3964,6.1478
45.3100,2.0195
45.3337,2.0414
45.3500,2.0333
45.3107,2.0316
45.8774,5.3083
49.1806,11.2837
45.3337,2.0414
45.3100,2.0195
45.2897,2.0205
45.5252,5.1994
45.8774,5.3083
45.3107,2.0316
45.3107,2.0316
45.3337,2.0414
45.5252,5.1994
45.3337,2.0414
45.3900,2.0652
45.5252,5.1994
45.2043,4.7360
45.3500,2.0678
45.1160,2.1500
44.0668,9.5598
45.2043,4.7360
43.6469,3.1172
45.2043,4.7360
45.3500,2.0678
44.8936,2.6195
45.3300,2.0276
45.1333,2.2166
45.2043,4.7360
47.3681,10.6218
45.2043,4.7360
45.3337,2.0414
46.6271,6.1457
45.2500,2.0095
45.3200,2.0480
43.6469,3.1172
43.8901,4.1230
43.6469,3.1172
43.6469,3.1172
44.0668,9.5598
44.8936,2.6195
49.1806,11.2837
44.8936,2.6195
43.6469,3.1172
43.6469,3.1172
45.3900,2.0652
42.5732,1.2448
43.6469,3.1172
41.4830,-1.0300
47.4306,6.7692
45.1160,2.1500
47.4306,6.7692
43.6469,3.1172
48.1949,11.1603
45.2043,4.7360
45.2259,2.2204
43.6469,3.1172
43.6469,3.1172
44.7639,1.7131
45.2259,2.2204
45.3003,2.0581
45.1023,1.9233
45.3500,2.0678
45.3500,2.0678
45.3500,2.0678
45.3500,2.0678
45.3500,2.0678
45.3300,2.0549
42.2860,2.3399
44.0821,2.8049
42.0710,0.5172
41.0124,0.4063
45.2043,4.7360
43.6469,3.1172
45.2259,2.2204
42.5732,1.2448
45.3900,2.0652
45.3300,2.0549
42.5463,-0.3603
45.2897,2.0205
45.3337,2.0414
48.3325,10.7134
45.1023,1.9233
45.3500,2.0678
45.3200,2.0480
45.3200,2.0480
45.2500,2.0095
43.1980,3.2144
44.7639,1.7131
45.2043,4.7360
45.3900,2.0844
43.6469,3.1172
45.1023,1.9233
45.1023,1.9233
45.3900,2.0844
45.1023,1.9233
42.5463,-0.3603
45.2043,4.7360
45.5252,5.1994
45.1023,1.9233
45.2043,4.7360
46.3964,6.1478
46.3222,2.7603
45.4968,2.7809
45.3500,2.0678
50.7500,11.9666
45.3500,2.0678
44.5090,2.7144
43.6469,3.1172
44.8936,2.6195
45.4968,2.7809
45.1160,2.1500
45.3300,2.0549
45.3500,2.0476
42.3392,-0.6326
45.3300,2.0549
45.2421,2.0694
45.3337,2.0414
45.2043,4.7360
44.3329,1.6104
46.3867,5.5376
45.3200,2.0480
42.5446,3.8000
45.2043,4.7360
45.5347,2.9704
45.3200,2.0480
43.1333,2.5333
45.3009,2.0347
42.4510,1.6442
45.3500,2.0678
45.3900,2.0844
42.9766,2.4074
45.2043,4.7360
45.2043,4.7360
45.5651,3.8519
43.8901,4.1230
45.3300,2.0549
42.2860,2.3399
45.5347,2.9704
42.2860,2.3399
45.5347,2.9704
45.3337,2.0414
45.2500,2.0095
43.1333,2.5333
42.2860,2.3399
45.3500,2.0333
45.3900,2.0844
44.6977,2.6295
45.2259,2.2204
45.3337,2.0414
45.3500,2.0377
45.1160,2.1500
45.3100,2.0195
45.2043,4.7360
45.3500,2.0678
45.3337,2.0414
45.3100,2.0195
45.7593,3.2072
45.2259,2.2204
45.3500,2.0333
42.7666,0.4833
45.3100,2.0195
45.3500,2.0678
45.2421,2.0694
45.1160,2.1500
43.6469,3.1172
44.0668,9.5598
45.3300,2.0549
45.3337,2.0414
43.6469,3.1172
45.3100,2.0195
44.8936,2.6195
45.3400,2.0337
41.0124,0.4063
45.1160,2.1500
45.3500,2.0678
45.1160,2.1500
45.1160,2.1500
45.3100,2.0195
45.3003,2.0581
45.2043,4.7360
45.3500,2.0678
45.2500,2.0095
45.5825,2.8780
46.0882,4.3934
45.3337,2.0414
45.3500,2.0333
42.7382,0.0692
47.3544,8.4736
43.6469,3.1172
45.3337,2.0414
44.8936,2.6195
45.3400,2.0456
43.6469,3.1172
44.8936,2.6195
45.1160,2.1500
45.3337,2.0414
45.3337,2.0414
45.2897,2.0205
45.1023,1.9233
48.4208,9.1494
42.5463,-0.3603
45.3337,2.0414
42.9766,2.4074
45.3200,2.0480
45.3337,2.0414
45.3300,2.0276
45.3500,2.0678
45.3100,2.0195
45.3100,2.0195
45.3500,2.0333
45.3900,2.0844
45.2043,4.7360
45.2500,2.0095
45.3500,2.0333
45.2259,2.2204
45.2500,2.0095
45.3500,2.0678
45.3003,2.0581
45.2043,4.7360
45.3199,2.0494
45.3337,2.0414
49.1953,11.2777
45.3500,2.0678
45.3100,2.0195
45.3300,2.0549
42.5463,-0.3603
45.3107,2.0316
44.5127,4.0182
45.2043,4.7360
45.2043,4.7360
45.3200,2.0480
45.3368,2.0411
45.3199,2.0494
42.5463,-0.3603
45.2043,4.7360
42.5463,-0.3603
45.3500,2.0678
45.2043,4.7360
45.1160,2.1500
42.5463,-0.3603
43.6469,3.1172
42.0710,0.5172
45.3300,2.0276
42.5463,-0.3603
45.3337,2.0414
42.2199,3.3280
44.0668,9.5598
45.2259,2.2204
43.2045,3.1066
45.3341,2.0462
45.3500,2.0678
45.2500,2.0095
43.6469,3.1172
43.6469,3.1172
42.5463,-0.3603
45.2259,2.2204
45.3500,2.0333
45.3337,2.0414
45.3337,2.0414
45.2500,2.0095
45.2259,2.2204
45.3500,2.0678
42.5463,-0.3603
45.3500,2.0333
45.2500,2.0095
44.8936,2.6195
45.3500,2.0678
44.7639,1.7131
45.3500,2.0678
43.6469,3.1172
45.2897,2.0205
45.2500,2.0095
45.3107,2.0316
49.8500,7.9666
45.3368,2.0411
49.8500,7.9666
45.3100,2.0195
46.1947,10.7764
42.5446,3.8000
44.0668,9.5598
45.4968,2.7809
49.1953,11.2777
45.2500,2.0095
45.3900,2.0844
43.6469,3.1172
45.3107,2.0316
45.3300,2.0276
43.6469,3.1172
45.3003,2.0581
45.2043,4.7360
45.3337,2.0414
45.1160,2.1500
45.2043,4.7360
45.3337,2.0414
45.3003,2.0581
48.4819,8.4064
45.3900,2.0844
45.1160,2.1500
45.2500,2.0095
45.5825,2.8780
45.0296,2.1202
43.6469,3.1172
44.6961,1.7087
45.3900,2.0844
45.3337,2.0414
45.3500,2.0678
46.0882,4.3934
45.1160,2.1500
44.8732,4.4197
45.3500,2.0476
45.3500,2.0333
45.2500,2.0095
45.3500,2.0333
43.1980,3.2144
45.3300,2.0549
45.3300,2.0549
45.2500,4.0600
45.3337,2.0414
45.3337,2.0414
45.3341,2.0462
45.2043,4.7360
44.8936,2.6195
44.8936,2.6195
44.8936,2.6195
45.3500,2.0678
45.3400,2.0337
45.3500,2.0476
45.3500,2.0333
45.3100,2.0195
45.4968,2.7809
43.6469,3.1172
45.2259,2.2204
45.1160,2.1500
45.3300,2.0276
45.3900,2.0844
45.3300,2.0549
45.2259,2.2204
45.3900,2.0652
45.1160,2.1500
43.6469,3.1172
45.3337,2.0414
45.3337,2.0414
45.3337,2.0414
45.3500,2.0333
43.6469,3.1172
45.3200,2.0480
45.3337,2.0414
43.6469,3.1172
49.1806,11.2837
42.5463,-0.3603
45.3051,2.0152
45.3200,2.0480
45.2043,4.7360
45.2259,2.2204
43.6469,3.1172
45.2043,4.7360
49.1806,11.2837
43.7969,3.0399
45.5969,3.3834
43.6469,3.1172
44.0821,2.8049
45.4968,2.7809
43.6469,3.1172
43.6469,3.1172
45.3300,2.0549
45.3107,2.0316
45.3051,2.0152
45.3337,2.0414
41.0177,2.7352
45.2259,2.2204
45.8774,5.3083
41.0177,2.7352
43.6469,3.1172
43.6469,3.1172
45.3500,2.0333
43.6469,3.1172
48.8510,7.2135
45.3337,2.0414
49.8500,7.9666
43.6469,3.1172
45.3300,2.0549
45.2259,2.2204
45.1160,2.1500
45.3051,2.0152
43.6469,3.1172
45.3199,2.0494
45.1160,2.1500
45.3100,2.0195
45.3368,2.0411
45.3107,2.0316
45.3003,2.0292
43.6469,3.1172
45.1160,2.1500
46.3964,6.1478
45.3337,2.0414
45.3900,2.0652
43.6469,3.1172
43.6469,3.1172
45.3051,2.0152
43.6469,3.1172
45.2500,2.0095
45.3003,2.0581
43.6469,3.1172
42.5463,-0.3603
45.3051,2.0152
45.2500,2.0095
43.6469,3.1172
45.3500,2.0333
42.5463,-0.3603
45.3300,2.0549
45.3337,2.0414
45.3500,2.0678
44.8936,2.6195
44.7639,1.7131
45.3051,2.0152
45.3199,2.0494
45.3900,2.0652
45.1160,2.1500
45.3341,2.0462
45.3300,2.0276
45.2503,4.7430
44.7639,1.7131
45.3300,2.0549
47.4306,6.7692
45.3337,2.0414
45.3107,2.0316
45.3337,2.0414
45.3107,2.0316
43.1746,0.6285
45.3500,2.0333
48.5268,5.3505
45.3300,2.0549
45.2043,4.7360
45.3900,2.0844
45.3051,2.0152
45.3500,2.0333
45.1160,2.1500
45.3500,2.0678
43.6469,3.1172
42.8868,2.7622
45.2043,4.7360
45.3500,2.0678
45.3500,2.0678
45.3107,2.0316
45.1160,2.1500
51.2600,10.4160
42.0710,0.5172
44.5000,9.5000
45.3107,2.0316
45.3500,2.0678
45.3900,2.0844
45.2259,2.2204
44.8936,2.6195
45.2259,2.2204
42.5463,-0.3603
45.3300,2.0549
43.6469,3.1172
45.3500,2.0678
45.3900,2.0652
45.3900,2.0844
45.5969,3.3834
44.5090,2.7144
45.3300,2.0276
49.0861,9.5069
45.3500,2.0333
45.3107,2.0316
41.0177,2.7352
44.0668,9.5598
45.3199,2.0494
45.3051,2.0152
44.7639,1.7131
45.3900,2.0844
45.2259,2.2204
46.3964,6.1478
43.8901,4.1230
45.3833,2.3500
45.3200,2.0480
45.3337,2.0414
45.3900,2.0844
45.8774,5.3083
45.2043,4.7360
45.3900,2.0844
46.3964,6.1478
43.6469,3.1172
43.2463,3.8096
45.8774,5.3083
45.3300,2.0549
43.6469,3.1172
45.3500,2.0333
45.3500,2.0678
43.6469,3.1172
43.1980,3.2144
43.6469,3.1172
45.8774,5.3083
43.1839,9.9387
42.5732,1.2448
44.8936,2.6195
43.6469,3.1172
44.8936,2.6195
43.8901,4.1230
44.6979,2.6632
43.6469,3.1172
45.3900,2.0652
44.7639,1.7131
47.4306,6.7692
49.0861,9.5069
41.8943,3.7807
41.3300,3.1500
45.5347,2.9704
45.2043,4.7360
45.5347,2.9704
44.7639,1.7131
45.3337,2.0414
44.0668,9.5598
44.0668,9.5598
45.3337,2.0414
49.1806,11.2837
43.6469,3.1172
49.1876,11.0368
44.0668,9.5598
49.1806,11.2837
51.2000,11.7600
43.6469,3.1172
43.6469,3.1172
43.6469,3.1172
45.3337,2.0414
45.1160,2.1500
45.2500,2.0095
45.3337,2.0414
43.6469,3.1172
45.3500,2.0678
47.3544,8.4736
43.6469,3.1172
45.4968,2.7809
45.3900,2.0652
46.6271,6.1457
45.4968,2.7809
45.3003,2.0581
45.3337,2.0414
45.3100,2.0195
45.3500,2.0678
45.3500,2.0333
45.3900,2.0844
45.3900,2.0652
45.3100,2.0195
45.3500,2.0333
45.3900,2.0844
43.6469,3.1172
45.3300,2.0549
45.3003,2.0581
45.3337,2.0414
45.3051,2.0152
42.7382,0.0692
45.3900,2.0652
45.3337,2.0414
44.8936,2.6195
45.1160,2.1500
45.3500,2.0678
44.9000,2.6166
43.6469,3.1172
45.3199,2.0494
45.3337,2.0414
45.3107,2.0316
45.3500,2.0678
45.3500,2.0476
45.2043,4.7360
43.6469,3.1172
43.3000,2.5500
45.3100,2.0195
45.3337,2.0414
45.1160,2.1500
47.1803,3.8491
45.3300,2.0549
44.5313,1.7859
43.6469,3.1172
47.1803,3.8491
43.6469,3.1172
44.7166,1.6833
44.7639,1.7131
44.8333,1.9833
45.3300,2.0549
45.2500,2.0095
45.3300,2.0549
43.6469,3.1172
45.5347,2.9704
42.5463,-0.3603
45.4968,2.7809
45.3300,2.0549
42.0710,0.5172
44.7600,1.8600
45.3833,2.3500
45.3500,2.0678
43.6469,3.1172
45.2500,2.0095
44.9885,4.1950
45.3341,2.0462
43.6469,3.1172
44.7166,1.6833
49.1876,11.0368
44.7639,1.7131
45.2500,2.0095
43.6469,3.1172
45.3500,2.0333
41.8742,3.9276
45.3100,2.0195
45.3337,2.0414
45.2800,2.0168
45.3337,2.0414
45.3100,2.0195
45.3500,2.0678
45.3833,2.3500
43.6469,3.1172
45.3500,2.0678
48.3500,5.6500
45.2500,2.0095
45.3337,2.0414
45.3300,2.0549
45.3500,2.0678
43.6469,3.1172
41.8943,3.7807
45.3368,2.0411
45.3500,2.0678
45.3200,2.0480
45.3500,2.0678
45.3300,2.0276
45.3341,2.0462
45.3500,2.0678
45.3500,2.0678
43.6469,3.1172
49.8500,7.9666
45.3900,2.0844
45.3337,2.0414
45.2500,2.0095
47.4279,6.7662
43.6469,3.1172
46.3964,6.1478
46.3964,6.1478
43.6469,3.1172
45.3500,2.0678
44.0668,9.5598
48.4819,8.4064
43.6469,3.1172
44.0668,9.5598
45.3400,2.0456
45.3300,2.0549
45.3500,2.0678
49.1701,11.2771
45.3500,2.0333
45.3500,2.0678
45.3400,2.0337
45.4968,2.7809
43.6469,3.1172
42.5732,1.2448
46.3964,6.1478
45.5172,2.7038
45.3337,2.0414
46.0091,2.6557
45.2043,4.7360
45.3700,2.0700
47.3544,8.4736
45.2500,2.0095
45.7980,2.2983
43.6469,3.1172
43.7969,3.0399
43.6469,3.1172
45.2500,2.0095
45.8774,5.3083
45.3368,2.0411
45.1160,2.1500
45.3500,2.0333
45.3200,2.0480
45.3692,2.0978
45.3337,2.0414
42.2860,2.3399
45.8774,5.3083
44.8936,2.6195
45.3500,2.0678
45.5347,2.9704
45.2259,2.2204
45.3900,2.0844
44.0821,2.8049
43.6469,3.1172
45.3500,2.0333
45.3500,2.0678
45.3337,2.0414
45.3337,2.0414
45.3337,2.0414
41.5005,-1.0354
45.2259,2.2204
45.3500,2.0678
41.0124,0.4063
45.3300,2.0549
45.9693,5.6890
43.2463,3.8096
43.2463,3.8096
45.2043,4.7360
44.6977,2.6295
44.8888,2.6133
43.6469,3.1172
41.8742,3.9276
45.3500,2.0678
43.6469,3.1172
43.4437,3.1291
47.4306,6.7692
45.3337,2.0414
45.2259,2.2204
45.3300,2.0549
45.3300,2.0549
45.3368,2.0411
42.7382,0.0692
43.4738,11.3522
43.6469,3.1172
44.8936,2.6195
44.8936,2.6195
46.0882,4.3934
45.3009,2.0347
49.1806,11.2837
45.3200,2.0480
45.3337,2.0414
45.3337,2.0414
45.2043,4.7360
45.3337,2.0414
45.3300,2.0276
45.3500,2.0678
45.2259,2.2204
45.1160,2.1500
45.3107,2.0316
45.3337,2.0414
45.3500,2.0678
47.3544,8.4736
45.2043,4.7360
45.2043,4.7360
48.4819,8.4064
45.2043,4.7360
47.4306,6.7692
49.1806,11.2837
45.3500,2.0333
46.3830,8.8000
45.2259,2.2204
45.3900,2.0844
45.3300,2.0549
45.2043,4.7360
43.6469,3.1172
45.1160,2.1500
45.3300,2.0276
45.1160,2.1500
43.6469,3.1172
49.1806,11.2837
45.3100,2.0195
45.3107,2.0316
45.4968,2.7809
45.2259,2.2204
45.3300,2.0549
45.3368,2.0411
45.3300,2.0549
43.6469,3.1172
45.3199,2.0494
45.5172,2.7038
46.3160,2.7500
45.2259,2.2204
45.4968,2.7809
45.1160,2.1500
45.1160,2.1500
45.3337,2.0414
45.3100,2.0195
45.2259,2.2204
43.6469,3.1172
45.1160,2.1500
43.6469,3.1172
46.7055,6.4264
45.8774,5.3083
46.3867,5.5376
45.3100,2.0195
44.7639,1.7131
46.3867,5.5376
45.5252,5.1994
46.3867,5.5376
45.3300,2.0276
45.3500,2.0333
45.2043,4.7360
45.8774,5.3083
46.7055,6.4264
46.3867,5.5376
45.3199,2.0494
45.2043,4.7360
45.3300,2.0549
44.8936,2.6195
45.3300,2.0276
42.5446,3.8000
45.3500,2.0333
45.3300,2.0276
45.3100,2.0195
45.3199,2.0494
45.8774,5.3083
45.2500,2.0095
44.7639,1.7131
28.0992,-25.4729
28.1878,-25.7449
27.8333,-26.3167
26.6886,-25.6502
18.4239,-33.9253
30.3833,-29.6167
28.0992,-25.4729
28.0992,-25.4729
28.1878,-25.7449
26.6886,-25.6502
29.4689,-23.9045
31.0292,-29.8579
18.4239,-33.9253
28.1878,-25.7449
29.4689,-23.9045
18.6444,-33.9656
18.4239,-33.9253
29.4689,-23.9045
18.6237,-34.0534
18.4239,-33.9253
29.4689,-23.9045
31.0292,-29.8579
31.0292,-29.8579
28.1878,-25.7449
18.4239,-33.9253
18.4239,-33.9253
18.4239,-33.9253
18.4239,-33.9253
31.0505,-29.6505
26.6886,-25.6502
28.0436,-26.2023
31.0292,-29.8579
30.6667,-29.7500
18.6444,-33.9656
28.1878,-25.7449
26.2000,-29.1333
26.2000,-29.1333
28.1878,-25.7449
29.9834,-22.2449
30.8867,-29.8207
28.0436,-26.2023
26.2000,-29.1333
28.1878,-25.7449
27.1333,-28.0833
28.1075,-25.5072
30.8833,-29.9667
30.8833,-29.9667
18.4239,-33.9253
30.8833,-29.9667
28.1878,-25.7449
26.9787,-30.5438
18.6237,-34.0534
18.4239,-33.9253
26.3522,-29.0889
30.3833,-29.6167
29.3167,-28.8833
18.7633,-34.0641
28.0436,-26.2023
31.0292,-29.8579
30.3833,-29.6167
29.8538,-30.8591
28.3000,-28.2333
28.0678,-25.7728
30.8867,-29.8207
30.3833,-29.6167
28.0436,-26.2023
28.0167,-25.9333
18.4000,-33.9833
30.9667,-29.9667
28.7492,-25.6962
28.7406,-25.8083
30.2000,-25.2000
28.7406,-25.8083
28.7492,-25.6962
28.7492,-25.6962
28.7406,-25.8083
30.9333,-29.8333
28.0436,-26.2023
18.4000,-33.9833
18.4239,-33.9253
28.1878,-25.7449
30.8833,-29.9667
28.1878,-25.7449
28.0436,-26.2023
28.0436,-26.2023
28.0436,-26.2023
28.1878,-25.7449
18.6237,-34.0534
27.8573,-26.3955
28.1878,-25.7449
28.0436,-26.2023
18.5667,-33.9833
28.1878,-25.7449
28.2219,-26.1772
28.1878,-25.7449
19.8854,-33.8034
28.1000,-26.1167
31.4167,-28.3167
28.0436,-26.2023
28.0436,-26.2023
28.2269,-25.9989
28.0436,-26.2023
30.9833,-29.9000
30.9833,-29.9000
18.5297,-33.8662
28.0436,-26.2023
30.7833,-29.8500
28.9333,-23.9500
28.1878,-25.7449
28.1878,-25.7449
28.0436,-26.2023
18.4239,-33.9253
18.4239,-33.9253
28.1878,-25.7449
18.6237,-34.0534
18.4239,-33.9253
28.2269,-25.9989
28.1878,-25.7449
28.0678,-25.7728
27.8167,-26.3833
28.1878,-25.7449
30.8833,-29.9667
28.0167,-25.9333
28.4000,-26.2500
28.0436,-26.2023
28.0436,-26.2023
28.0436,-26.2023
28.0436,-26.2023
28.0436,-26.2023
28.0436,-26.2023
28.1878,-25.7449
28.0436,-26.2023
27.8833,-26.2000
31.0292,-29.8579
18.4239,-33.9253
28.0992,-25.4729
18.6237,-34.0534
18.6237,-34.0534
18.6237,-34.0534
30.2280,-31.0507
30.8833,-29.9667
29.8833,-27.3667
28.1878,-25.7449
28.0436,-26.2023
18.6333,-34.0333
28.0436,-26.2023
28.0436,-26.2023
31.0292,-29.8579
28.0436,-26.2023
31.2667,-28.3167
28.0436,-26.2023
21.3411,-27.5398
30.5833,-29.0667
31.1167,-29.6500
31.0292,-29.8579
28.1878,-25.7449
28.0667,-26.1000
29.5167,-25.0333
18.4239,-33.9253
28.0436,-26.2023
18.4183,-34.0314
18.6792,-34.0393
28.1878,-25.7449
31.0292,-29.8579
18.4239,-33.9253
27.8667,-26.4833
28.1878,-25.7449
31.0292,-29.8579
31.0292,-29.8579
28.1878,-25.7449
28.0436,-26.2023
27.8667,-26.4833
28.0436,-26.2023
30.2000,-25.2000
28.0992,-25.4729
28.0436,-26.2023
25.5701,-33.9180
25.4022,-33.7653
18.5855,-33.9875
29.8538,-30.8591
28.0436,-26.2023
27.3275,-26.3336
28.4000,-26.2500
26.8833,-31.9000
18.4239,-33.9253
18.4239,-33.9253
18.3537,-34.1486
18.4239,-33.9253
31.0292,-29.8579
28.7667,-26.3500
18.6444,-33.9656
18.4239,-33.9253
30.8833,-29.9667
28.0436,-26.2023
18.3763,-34.1293
27.8667,-26.4833
18.9752,-33.7338
25.6333,-25.8500
28.1117,-26.0834
28.0436,-26.2023
28.0667,-32.8833
30.7167,-23.3167
28.3500,-25.6500
31.0292,-29.8579
28.5222,-25.6756
29.4689,-23.9045
30.6034,-23.0185
28.1878,-25.7449
19.6833,-33.4833
28.0436,-26.2023
29.7333,-24.4000
18.3356,-34.0564
27.8333,-26.3167
22.4500,-33.9667
30.3833,-29.6167
18.5667,-33.9833
30.0833,-24.6000
28.0436,-26.2023
31.9984,-27.1101
18.4239,-33.9253
31.0292,-29.8579
28.0436,-26.2023
18.5855,-33.9875
31.0292,-29.8579
18.5422,-33.8184
18.6444,-33.9656
18.4239,-33.9253
28.0436,-26.2023
18.4239,-33.9253
25.5701,-33.9180
18.4239,-33.9253
29.7333,-24.4000
25.5836,-33.9779
28.0436,-26.2023
29.3333,-15.7500
31.0372,-17.8581
31.8908,-17.3150
29.3333,-15.7500
29.9167,-20.4833
31.7775,-17.6469
31.3833,-17.8500
30.9267,-17.8053
30.1500,-18.1333
30.9336,-17.8972
29.0000,-20.9333
31.0372,-17.8581
31.0372,-17.8581
30.9667,-17.5166
32.7500,-18.2166
32.6667,-18.9666
32.2167,-17.4000
29.0167,-17.6833
29.0167,-17.6833
30.9336,-17.8972
31.0500,-17.8333
30.4000,-17.3833
31.0500,-17.8333
32.6167,-20.2000
31.0500,-17.8333
31.0500,-17.8333
29.3333,-15.7500
31.5667,-17.3166
32.9333,-18.6667
29.3333,-15.7500
30.8500,-17.0333
29.3333,-15.7500
31.6167,-20.0833
31.5833,-16.7833
30.8922,-19.0211
31.0372,-17.8581
31.9833,-18.7166
32.7500,-18.2166
32.6667,-18.9666
29.2000,-19.7833
29.0167,-17.6833
29.0167,-17.6833
31.3297,-17.2964
32.0333,-18.7333
28.5800,-20.1500
32.6167,-20.2000
28.5800,-20.1500
28.5800,-20.1500
31.0500,-17.8333
31.0500,-17.8333
31.0500,-17.8333
31.0500,-17.8333
30.1500,-18.1333
31.0500,-17.8333
31.0500,-17.8333
31.0921,-17.8757
31.0500,-17.8333
32.6333,-18.7500
29.3333,-15.7500
29.3333,-15.7500
32.6666,-17.1333
31.3833,-17.8500
30.9667,-17.5166
30.9667,-17.5166
31.5833,-16.7833
31.5833,-16.7833
32.2167,-17.4000
32.2167,-17.4000
31.4500,-20.4000
29.8500,-18.0667
31.3297,-17.2964
31.0372,-17.8581
31.0372,-17.8581
28.9333,-18.2166
29.2000,-19.7833
31.9833,-18.7166
32.7500,-18.2166
29.0167,-17.6833
30.0333,-20.3333
30.0333,-20.3333
29.6833,-16.8166
28.8000,-16.5166
28.5800,-20.1500
30.2000,-17.3666
30.7000,-17.8833
30.7000,-17.8833
31.0372,-17.8581
31.0500,-17.8333
31.0500,-17.8333
29.8200,-19.4500
29.8200,-19.4500
31.0481,-17.9939
30.1667,-17.7500
31.6167,-20.0833
30.9336,-17.8972
31.0500,-17.8333
28.5800,-20.1500
31.4333,-19.3333
31.1244,-17.8794
28.5172,-20.1361
31.0372,-17.8581
32.8333,-18.0000
29.3333,-17.0000
30.9838,-17.9047
31.4333,-19.3333
32.7500,-18.2166
32.7500,-18.2166
31.5500,-18.1833
31.5500,-18.1833
30.9486,-17.9113
29.3333,-15.7500
31.7775,-17.6469
30.9667,-17.5166
31.5833,-16.7833
30.9667,-17.5166
30.7000,-16.6666
31.3297,-17.2964
32.2167,-17.4000
32.2167,-17.4000
29.3333,-15.7500
29.3333,-15.7500
28.9333,-18.2166
29.3333,-15.7500
31.4500,-20.3500
29.3333,-17.0000
31.6667,-21.0500
31.0372,-17.8581
31.0372,-17.8581
31.0500,-17.8333
32.0500,-18.2833
31.4333,-19.3333
31.4333,-19.3333
31.0500,-17.8333
31.0500,-17.8333
32.2167,-17.4000
29.3333,-17.0000
31.1833,-17.8500
30.9486,-17.9113
30.9838,-17.9047
31.0500,-17.8333
31.1244,-17.8794
29.3333,-17.0000
32.2167,-17.4000
32.5500,-18.6166
32.0333,-18.7333
32.0333,-18.7333
30.7000,-17.8833
31.0500,-17.8333
29.6777,-20.9582
30.2000,-17.3666
31.5667,-17.3166
32.0167,-16.6333
29.3333,-15.7500
29.3333,-15.7500
32.2167,-17.4000
31.7775,-17.6469
32.6666,-17.1333
28.4833,-20.4166
29.8500,-18.0667
31.2666,-16.7833
31.5833,-16.7833
31.5833,-16.7833
29.3333,-15.7500
29.3333,-15.7500
31.3297,-17.2964
31.3297,-17.2964
29.0167,-17.6833
30.8333,-20.0833
32.6666,-17.1333
31.8908,-17.3150
31.5667,-17.3166
29.3333,-15.7500
31.9833,-18.7166
30.7000,-16.6666
30.1500,-18.1333
29.8500,-18.0667
31.5833,-16.7833
31.5833,-16.7833
32.2167,-17.4000
32.2167,-17.4000
31.0372,-17.8581
28.9333,-18.2166
31.1244,-17.8794
32.2167,-17.4000
31.8908,-17.3150
31.7775,-17.6469
32.6666,-17.1333
31.1833,-17.8500
30.8963,-18.7517
30.8963,-18.7517
31.3297,-17.2964
31.5833,-16.7833
31.5833,-16.7833
31.5667,-17.3166
31.5667,-17.3166
31.5500,-18.1833
31.8908,-17.3150
32.2167,-17.4000
32.2167,-17.4000
32.6666,-17.1333
31.9597,-16.9936
31.9833,-18.7166
29.0167,-17.6833
30.8963,-18.7517
31.4333,-19.3333
31.3297,-17.2964
31.3833,-17.8500
31.3833,-17.8500
31.5833,-16.7833
31.5833,-16.7833
32.6666,-17.1333
32.6666,-17.1333
31.7775,-17.6469
31.7775,-17.6469
31.8908,-17.3150
31.5667,-17.3166
32.2167,-17.4000
29.3333,-15.7500
32.2167,-17.4000
31.5833,-16.7833
30.8963,-18.7517
29.9833,-22.2167
31.8908,-17.3150
29.3333,-15.7500
31.5833,-16.7833
31.4333,-19.3333
31.3297,-17.2964
32.2167,-17.4000
32.2167,-17.4000
31.5667,-17.3166
31.5667,-17.3166
31.6500,-17.0666
32.0500,-18.2833
31.4333,-19.3333
31.5833,-16.7833
31.5833,-16.7833
31.8908,-17.3150
31.7775,-17.6469
32.6666,-17.1333
31.5833,-16.7833
29.0167,-17.6833
30.2000,-17.3666
30.8963,-18.7517
31.8908,-17.3150
31.7775,-17.6469
31.5833,-16.7833
32.6666,-17.1333
32.6666,-17.1333
32.2167,-17.4000
32.2167,-17.4000
29.3333,-15.7500
31.2111,-17.8353
31.5667,-17.3166
32.6666,-17.1333
31.4333,-19.3333
31.0372,-17.8581
31.5500,-18.1833
31.0500,-17.8333
32.2167,-17.4000
32.6333,-18.7500
31.7775,-17.6469
30.9667,-17.5166
31.0921,-17.8757
30.7000,-16.6666
30.9667,-17.5166
31.8908,-17.3150
31.5667,-17.3166
32.0167,-16.6333
31.7775,-17.6469
31.3833,-17.8500
29.3333,-15.7500
31.5667,-17.3166
31.2111,-17.8353
31.5667,-17.3166
32.6666,-17.1333
31.6333,-19.3000
31.1036,-17.9311
31.3833,-17.8500
32.2167,-17.4000
32.2167,-17.4000
30.9822,-17.8303
29.3333,-15.7500
29.3333,-15.7500
32.6666,-17.1333
30.8963,-18.7517
31.9833,-18.7166
30.9667,-17.5166
31.4333,-19.3333
31.8908,-17.3150
31.8908,-17.3150
31.4333,-19.3333
30.9667,-17.5166
31.1666,-17.8000
31.0500,-17.8333
31.0500,-17.8333
31.0500,-17.8333
32.2167,-17.4000
31.7775,-17.6469
31.3297,-17.2964
32.2167,-17.4000
31.0372,-17.8581
31.0500,-17.8333
31.0756,-18.0127
30.8333,-20.0833
30.2000,-17.3666
31.3297,-17.2964
31.5500,-18.1833
31.5667,-17.3166
31.5833,-16.7833
31.4500,-20.3500
31.8908,-17.3150
31.5667,-17.3166
31.5667,-17.3166
32.0167,-16.6333
32.7500,-18.2166
29.3333,-15.7500
32.2167,-17.4000
32.2167,-17.4000
32.6667,-18.9666
32.6666,-17.1333
30.1683,-16.8939
31.0833,-17.0833
31.1178,-16.7299
28.5800,-20.1500
30.9667,-17.5166
30.9667,-17.5166
31.5833,-16.7833
31.5833,-16.7833
29.3333,-15.7500
29.3333,-15.7500
32.6666,-17.1333
31.9833,-18.7166
31.5500,-18.1833
31.0500,-17.8333
28.9333,-18.2166
30.9486,-17.9113
31.9833,-18.7166
31.4333,-19.3333
29.8200,-19.4500
31.1244,-17.8794
28.4833,-20.4166
31.4333,-19.3333
30.9272,-17.8663
31.4500,-20.3500
30.7333,-21.4166
30.9267,-17.8053
31.6167,-20.0833
31.0372,-17.8581
31.0500,-17.8333
31.1244,-17.8794
31.0756,-18.0127
31.4500,-20.3500
31.4500,-20.3500
30.9311,-17.8253
31.0372,-17.8581
31.0500,-17.8333
31.0500,-17.8333
31.0372,-17.8581
31.0192,-17.8636
31.5667,-17.3166
29.3333,-15.7500
32.2167,-17.4000
31.6167,-20.0833
31.1244,-17.8794
31.0481,-17.9939
28.8000,-20.2167
29.3333,-15.7500
30.9667,-17.5166
29.4167,-16.8500
31.9833,-18.7166
29.6833,-16.8166
29.3333,-17.0000
31.6667,-21.0500
31.4333,-19.3333
31.0756,-18.0127
31.0756,-18.0127
31.1244,-17.8794
31.0372,-17.8581
29.3333,-15.7500
31.4333,-19.3333
31.0481,-17.9939
31.0481,-17.9939
31.5667,-17.3166
30.7333,-21.4166
31.7775,-17.6469
29.3333,-17.0000
31.1097,-17.6883
31.6667,-21.0500
31.6667,-21.0500
31.4333,-19.3333
31.0756,-18.0127
31.1244,-17.8794
31.0500,-17.8333
31.0372,-17.8581
31.5667,-18.6167
31.0192,-17.8636
30.8333,-20.0833
31.3833,-17.8500
31.0756,-18.0127
31.0756,-18.0127
31.0756,-18.0127
31.1244,-17.8794
31.1244,-17.8794
28.5833,-17.8333
31.0500,-17.8333
31.0500,-17.8333
31.0372,-17.8581
31.0372,-17.8581
31.0561,-17.8678
30.9822,-17.8303
30.9938,-17.8566
31.5833,-16.7833
32.6666,-17.1333
31.5833,-16.7833
31.9833,-18.7166
30.8963,-18.7517
31.0500,-17.8333
31.0500,-17.8333
30.7000,-17.8833
31.0561,-17.8678
31.1097,-17.6883
32.6667,-18.9666
31.5833,-16.7833
30.9919,-17.8858
31.4333,-19.3333
31.0756,-18.0127
31.1244,-17.8794
31.0500,-17.8333
30.7000,-17.8833
29.6777,-20.9582
31.1097,-17.6883
29.8500,-18.0667
31.4333,-19.3333
31.0500,-17.8333
31.0372,-17.8581
31.0561,-17.8678
30.9311,-17.8253
28.8500,-20.0166
30.9267,-17.8053
30.2000,-17.3666
30.9336,-17.8972
31.4333,-19.3333
31.0756,-18.0127
29.8200,-19.4500
31.0500,-17.8333
31.0500,-17.8333
31.0500,-17.8333
31.3833,-17.8500
30.2000,-17.3666
31.4333,-19.3333
31.4333,-19.3333
31.0756,-18.0127
31.0756,-18.0127
31.0500,-17.8333
31.0500,-17.8333
31.0500,-17.8333
31.0500,-17.8333
31.0372,-17.8581
31.0481,-17.9939
30.9311,-17.8253
30.2000,-17.3666
30.2000,-17.3666
31.3297,-17.2964
31.0756,-18.0127
31.9833,-18.7166
30.2000,-17.3666
28.4667,-20.9166
31.1097,-17.6883
30.7000,-16.6666
30.9336,-17.8972
31.0756,-18.0127
29.0000,-20.9333
29.8200,-19.4500
31.0500,-17.8333
31.0500,-17.8333
31.5500,-18.1833
31.9833,-18.7166
31.0481,-17.9939
31.2733,-18.1230
29.9333,-16.5000
29.3333,-17.0000
32.0500,-18.2833
32.0500,-18.2833
30.9336,-17.8972
31.1244,-17.8794
31.0500,-17.8333
30.9822,-17.8303
32.2167,-17.4000
28.9833,-21.5666
32.0500,-18.2833
28.5800,-20.1500
32.2167,-17.4000
32.2167,-17.4000
32.0500,-18.2833
30.8963,-18.7517
30.8963,-18.7517
31.0756,-18.0127
31.0500,-17.8333
31.9499,-19.5968
30.6167,-18.4500
31.0500,-17.8333
31.0372,-17.8581
30.7000,-16.6666
31.5667,-17.3166
31.8908,-17.3150
29.3333,-15.7500
29.3333,-15.7500
32.2167,-17.4000
31.7775,-17.6469
31.9597,-16.9936
31.9833,-18.7166
30.9311,-17.8253
29.3333,-17.0000
31.5833,-16.7833
31.5833,-16.7833
32.6666,-17.1333
32.6666,-17.1333
31.3297,-17.2964
30.1500,-18.1333
30.6167,-18.4500
30.8963,-18.7517
31.0500,-17.8333
30.9838,-17.9047
31.0372,-17.8581
31.0486,-17.7769
31.3297,-17.2964
32.2167,-17.4000
31.3833,-17.8500
28.5800,-17.8300
29.0167,-17.6833
31.4333,-19.3333
32.6667,-18.9666
32.6666,-17.1333
32.6666,-17.1333
28.5800,-17.8300
31.9833,-18.7166
29.8200,-19.4500
32.6666,-17.1333
31.1244,-17.8794
32.6666,-17.1333
29.3333,-17.0000
28.5800,-20.1500
31.0756,-18.0127
31.0667,-17.3500
31.0500,-17.8333
31.7775,-17.6469
31.0500,-17.8333
28.5800,-20.1500
29.2000,-19.7833
29.8200,-19.4500
28.5800,-20.1500
28.5800,-20.1500
31.5667,-17.3166
29.3333,-15.7500
31.5667,-17.3166
31.7775,-17.6469
32.2167,-17.4000
31.5833,-16.7833
30.7000,-16.6666
31.3833,-17.8500
31.3833,-17.8500
30.8963,-18.7517
32.6666,-17.1333
32.6666,-17.1333
31.5833,-16.7833
31.5833,-16.7833
31.5833,-16.7833
31.5667,-17.3166
32.6667,-18.9666
31.9833,-18.7166
28.5800,-20.1500
31.0756,-18.0127
31.1244,-17.8794
28.9333,-18.2166
28.9333,-18.2166
31.0500,-17.8333
31.3297,-17.2964
31.5667,-17.3166
30.2000,-17.3666
31.4333,-19.3333
31.1244,-17.8794
31.0500,-17.8333
30.6166,-18.8833
31.0500,-17.8333
28.5800,-20.1500
31.4333,-19.3333
29.9167,-18.3500
31.0500,-17.8333
28.5800,-20.1500
31.0500,-17.8333
26.4333,-18.3333
31.1244,-17.8794
30.8963,-18.7517
30.8333,-20.0833
30.8333,-20.0833
29.0167,-17.6833
30.1500,-18.1333
30.1500,-18.1333
31.5833,-16.7833
31.5833,-16.7833
32.6666,-17.1333
32.6666,-17.1333
29.3333,-15.7500
29.3333,-15.7500
31.8908,-17.3150
31.8908,-17.3150
28.5833,-17.8333
30.8333,-20.0833
30.7000,-16.6666
31.6667,-21.0500
31.6167,-20.0833
31.0756,-18.0127
31.1244,-17.8794
28.9333,-18.2166
31.0372,-17.8581
31.0372,-17.8581
31.0481,-17.9939
31.5833,-16.7833
30.8666,-18.2833
31.0756,-18.0127
30.9272,-17.8663
30.8963,-18.7517
31.3833,-17.8500
31.0500,-17.8333
31.1833,-17.8500
31.0500,-17.8333
31.0500,-17.8333
31.0500,-17.8333
31.0372,-17.8581
31.1244,-17.8794
31.0372,-17.8581
31.3297,-17.2964
31.0500,-17.8333
31.0372,-17.8581
31.4333,-19.3333
31.4500,-20.3500
32.6667,-18.9666
30.8333,-20.0833
30.2000,-17.3666
31.3297,-17.2964
31.5500,-18.1833
31.1833,-17.8500
31.0500,-17.8333
31.1833,-17.8500
32.6333,-18.7500
31.0500,-17.8333
31.1244,-17.8794
31.0500,-17.8333
32.2167,-17.4000
29.3333,-15.7500
31.0921,-17.8757
31.4500,-20.3500
31.8908,-17.3150
31.8908,-17.3150
31.5667,-17.3166
32.0167,-16.6333
32.2167,-17.4000
31.7775,-17.6469
32.6666,-17.1333
32.6666,-17.1333
30.1683,-16.8939
31.9833,-18.7166
30.9625,-17.9283
29.9833,-18.3166
30.8963,-18.7517
31.7775,-17.6469
31.7775,-17.6469
31.5833,-16.7833
31.5833,-16.7833
31.5833,-16.7833
31.0756,-18.0127
28.5833,-17.8333
26.5019,-18.3693
30.7000,-16.6666
29.8500,-18.0667
31.1244,-17.8794
31.0372,-17.8581
28.9000,-19.0000
29.3333,-17.0000
29.3333,-17.0000
31.0500,-17.8333
31.0500,-17.8333
28.5800,-20.1500
28.5800,-20.1500
30.7000,-17.8833
32.7500,-18.2166
31.0481,-17.9939
31.0372,-17.8581
31.7775,-17.6469
31.3297,-17.2964
31.8908,-17.3150
31.5667,-17.3166
29.3333,-15.7500
29.3333,-15.7500
32.2167,-17.4000
32.2167,-17.4000
32.6666,-17.1333
31.5833,-16.7833
30.6167,-18.4500
29.3333,-17.0000
29.0167,-17.6833
30.8963,-18.7517
30.8963,-18.7517
31.5833,-16.7833
31.5833,-16.7833
31.5833,-16.7833
28.9333,-18.2166
26.5019,-18.3693
30.9267,-17.8053
31.4500,-20.3500
31.7775,-17.6469
31.9597,-16.9936
30.8963,-18.7517
31.3297,-17.2964
31.1244,-17.8794
31.0500,-17.8333
31.0372,-17.8581
30.7000,-17.8833
32.6667,-18.9666
32.6667,-18.9666
30.8333,-20.0833
28.5800,-20.1500
28.5800,-20.1500
29.8200,-19.4500
29.8200,-19.4500
31.0500,-17.8333
31.0500,-17.8333
31.0500,-17.8333
31.0500,-17.8333
32.5800,-19.0000
31.0756,-18.0127
30.9336,-17.8972
31.0481,-17.9939
31.5667,-17.3166
31.0372,-17.8581
29.6833,-16.8166
31.7775,-17.6469
32.6666,-17.1333
28.9333,-18.2166
32.6333,-18.7500
31.5667,-17.3166
29.3033,-17.9527
29.3333,-15.7500
32.2167,-17.4000
31.5833,-16.7833
30.5667,-20.5500
31.9833,-18.7166
29.3333,-17.0000
30.7000,-16.6666
32.0500,-18.2833
29.0167,-17.6833
30.1500,-18.1333
31.5667,-18.6167
31.5500,-18.1833
31.4333,-19.3333
29.3333,-15.7500
32.6666,-17.1333
29.9167,-20.4833
30.9667,-17.5166
31.1667,-19.6500
30.1500,-18.1333
30.1500,-18.1333
30.9336,-17.8972
31.3297,-17.2964
31.6167,-20.0833
31.5500,-18.1833
31.0500,-17.8333
31.0500,-17.8333
30.9838,-17.9047
31.5833,-16.7833
30.8333,-20.0833
32.6667,-18.9666
29.9167,-18.3500
31.0500,-17.8333
31.0921,-17.8757
30.8963,-18.7517
32.5364,15.5725
31.5008,12.0833
22.5067,13.8057
29.4667,9.0333
22.6169,13.6169
22.4454,13.4413
23.7046,15.0207
22.4454,13.4413
22.1500,13.1170
25.1743,10.8144
22.4454,13.4413
24.8906,12.0556
22.3787,13.8462
25.6170,12.3830
22.7041,13.9913
22.4454,13.4413
25.3559,13.6264
25.6170,12.3830
31.6178,4.8609
22.7041,13.9913
23.3117,13.4771
31.6178,4.8609
31.6667,3.8848
30.7800,3.6900
31.6667,3.8848
31.6667,3.8848
25.3559,13.6264
22.4454,13.4413
22.3925,13.8395
22.5067,13.8057
24.8167,11.0167
24.8653,13.5157
22.5067,13.8057
24.9832,12.5500
31.6667,3.8848
31.6667,3.8848
24.8167,11.0167
22.5067,13.8057
30.4000,20.1333
22.3787,13.8462
33.5184,14.4004
28.4349,9.5952
31.5620,6.2144
24.8167,11.0167
31.6178,4.8609
28.4349,9.5952
31.6178,4.8609
29.9500,11.5683
22.7041,13.9913
27.2542,5.3932
22.7041,13.9913
22.7041,13.9913
22.7041,13.9913
22.4454,13.4413
22.7041,13.9913
27.2542,5.3932
29.7833,9.3067
27.1333,17.5000
25.1743,10.8144
24.9920,12.6922
31.6178,4.8609
22.1686,13.2158
33.4505,4.2423
25.3559,13.6264
28.4307,12.6940
29.7883,9.2525
22.4454,13.4413
33.5829,4.7762
29.4916,11.6691
22.7041,13.9913
33.5829,4.7762
32.5767,4.4182
22.4597,14.3637
22.4454,13.4413
27.7460,10.2122
24.8167,11.0167
24.8167,11.0167
28.0071,7.7177
29.9500,11.5683
31.6178,4.8609
28.4307,12.6940
31.6521,9.5409
24.8906,12.0556
28.9100,9.3400
29.6995,6.8187
28.4349,9.5952
24.8906,12.0556
26.0297,14.5947
26.0297,14.5947
22.4454,13.4413
22.4454,13.4413
25.3559,13.6264
24.0829,13.6455
25.3559,13.6264
25.3559,13.6264
25.1743,10.8144
28.3000,8.4833
31.6178,4.8609
25.3559,13.6264
32.5767,4.4182
22.5544,14.1179
22.5544,14.1179
32.5364,15.5725
24.2855,12.5052
25.3559,13.6264
24.6499,14.2065
28.4349,9.5952
24.8906,12.0556
28.4104,4.5710
29.6995,6.8187
24.8906,12.0556
24.8906,12.0556
27.8691,11.9798
22.4454,13.4413
22.4454,13.4413
22.7041,13.9913
29.9500,11.5683
25.3559,13.6264
25.6170,12.3830
29.6995,6.8187
25.3559,13.6264
28.4349,9.5952
22.7997,15.0003
25.1520,14.4254
25.1520,14.4254
22.7041,13.9913
25.6170,12.3830
33.5829,4.7762
25.3559,13.6264
23.4811,12.9000
23.4811,12.9000
25.3559,13.6264
26.1530,15.0825
25.3559,13.6264
32.4549,15.6447
32.7177,8.6593
32.4549,15.6447
32.5166,15.8166
32.5166,15.8166
32.4549,15.6447
32.4549,15.6447
32.4549,15.6447
32.5364,15.5725
30.1500,15.0250
22.4454,13.4413
32.4549,15.6447
32.4549,15.6447
32.5364,15.5725
32.4549,15.6447
24.8653,13.5157
28.4349,9.5952
28.4349,9.5952
28.4349,9.5952
28.4514,9.5922
28.4349,9.5952
30.2449,13.1676
28.4349,9.5952
28.4349,9.5952
24.9000,13.8667
22.4454,13.4413
22.7041,13.9913
25.3559,13.6264
28.4349,9.5952
31.5008,12.0833
28.4104,4.5710
28.4104,4.5710
28.4349,9.5952
28.4104,4.5710
28.4104,4.5710
31.6667,3.8848
26.6912,13.6025
31.6178,4.8609
26.6912,13.6025
28.4349,9.5952
35.6667,12.6333
31.0167,4.8667
28.4104,4.5710
33.5829,4.7762
28.4104,4.5710
32.0831,3.6019
28.4349,9.5952
32.0831,3.6019
22.4454,13.4413
22.4454,13.4413
25.3559,13.6264
31.6667,3.8848
31.6178,4.8609
31.0636,11.8564
31.6178,4.8609
31.6178,4.8609
31.0167,4.8667
22.6332,12.1669
24.6332,11.5169
28.4349,9.5952
28.5700,8.6800
33.5333,14.4167
25.1894,13.0597
36.4105,15.4296
25.3559,13.6264
32.5364,15.5725
22.4454,13.4413
22.5896,12.1251
32.5364,15.5725
32.5303,15.6365
33.5829,4.7762
33.5829,4.7762
22.7041,13.9913
33.5829,4.7762
32.5364,15.5725
25.3559,13.6264
24.8653,13.5157
25.3559,13.6264
31.7425,4.8121
32.0831,3.6019
32.5364,15.5725
33.5829,4.7762
24.8653,13.5157
32.7667,14.1167
32.5364,15.5725
31.6667,3.8848
26.1500,12.8169
26.6668,11.6500
22.5067,13.8057
31.6521,9.5409
29.6995,6.8187
24.8906,12.0556
33.5829,4.7762
25.3559,13.6264
22.4454,13.4413
22.4454,13.4413
25.7167,13.0667
26.6000,18.1837
24.8194,14.1472
31.5620,6.2144
25.3559,13.6264
31.5620,6.2144
26.8541,11.0663
31.6178,4.8609
31.6178,4.8609
24.8906,12.0556
26.8541,11.0663
24.8906,12.0556
24.8906,12.0556
24.8906,12.0556
25.3559,13.6264
22.4454,13.4413
25.3559,13.6264
30.1500,15.0250
22.4454,13.4413
25.3559,13.6264
24.8653,13.5157
24.8906,12.0556
24.8906,12.0556
25.3559,13.6264
34.3225,12.0319
24.8653,13.5157
25.3559,13.6264
25.3559,13.6264
25.3559,13.6264
29.6995,6.8187
34.3225,12.0319
28.9500,19.5333
25.3559,13.6264
28.9500,19.5333
25.3559,13.6264
31.6178,4.8609
25.3559,13.6264
24.5853,14.6069
28.4104,4.5710
31.6178,4.8609
31.6178,4.8609
27.2542,5.3932
24.5301,11.0904
31.6178,4.8609
29.1167,17.7333
31.6178,4.8609
31.6178,4.8609
25.6132,11.9971
25.6132,11.9971
25.3559,13.6264
30.3500,13.0833
30.3500,13.0833
28.4349,9.5952
32.4549,15.6447
32.5364,15.5725
22.4454,13.4413
23.0169,12.6832
32.5364,15.5725
25.3559,13.6264
32.5364,15.5725
25.3559,13.6264
25.3559,13.6264
32.5364,15.5725
24.8906,12.0556
23.8500,11.3832
25.1743,10.8144
25.3559,13.6264
28.4349,9.5952
24.3153,11.5060
27.9762,8.2850
28.4104,4.5710
30.3900,4.6591
28.4104,4.5710
29.4626,4.9238
23.4811,12.9000
25.3559,13.6264
31.1333,-26.3167
31.1333,-26.3167
31.1333,-26.3167
31.1333,-26.3167
31.1333,-26.3167
31.3667,-26.4833
31.1333,-26.3167
31.1333,-26.3167
31.1333,-26.3167
31.2000,-26.4667
1.2228,6.1319
1.2228,6.1319
8.7470,34.2510
8.1555,34.3827
8.1555,34.3827
8.7470,34.2510
8.7470,34.2510
8.2595,34.4891
8.7470,34.2510
8.7470,34.2510
8.2595,34.4891
8.1555,34.3827
8.1555,34.3827
8.1555,34.3827
8.2595,34.4891
8.1555,34.3827
8.1555,34.3827
8.1555,34.3827
8.1555,34.3827
8.1555,34.3827
8.2595,34.4891
8.1555,34.3827
8.2595,34.4891
8.2595,34.4891
8.4016,34.3208
8.5679,34.9453
8.5679,34.9453
8.4016,34.3208
8.1555,34.3827
8.1555,34.3827
8.1555,34.3827
8.1555,34.3827
8.1555,34.3827
31.0778,0.7685
31.3108,1.6200
34.5919,1.2358
34.3500,1.4000
32.5656,0.3156
32.5656,0.3156
32.5656,0.3156
32.5656,0.3156
32.5656,0.3156
32.5667,0.3333
32.3136,0.2250
32.5656,0.3156
34.5500,1.1333
34.5500,1.1333
34.5500,1.1333
32.9428,2.4167
34.5500,1.1333
34.5500,1.1333
33.4333,3.1000
34.5244,1.3828
34.1344,3.5121
31.6667,2.4833
33.2167,3.0500
30.0000,0.1667
30.0000,0.1667
34.5500,1.1333
34.5500,1.1333
29.6983,-1.3539
32.5669,0.3508
32.5656,0.3156
32.5656,0.3156
32.5656,0.3156
34.1811,0.6928
34.7167,1.2167
34.7167,1.2167
29.6667,-1.1667
34.2631,0.6922
32.4772,0.6075
32.1333,0.2000
32.5656,0.3156
32.5656,0.3156
34.1331,2.9806
34.1331,2.9806
32.4333,0.7000
32.8867,3.2783
32.9097,2.2350
34.1344,3.5121
32.7189,0.5017
32.5656,0.3156
33.7333,3.1500
34.8333,2.3833
32.5567,0.3775
32.5567,0.3775
32.5567,0.3775
34.1811,0.6928
32.5656,0.3156
33.9500,2.7833
33.9500,2.7833
33.9000,3.8000
34.1344,3.5121
34.1344,3.5121
34.1344,3.5121
34.1344,3.5121
34.1344,3.5121
31.5242,2.0653
31.5242,2.0653
33.9541,0.9155
33.9541,0.9155
33.4839,3.3819
33.4839,3.3819
32.5656,0.3156
32.5656,0.3156
32.5656,0.3156
31.7150,1.6744
34.2922,3.3244
34.2922,3.3244
34.1344,3.5121
34.1344,3.5121
34.1344,3.5121
31.3833,-0.6500
30.9867,3.4114
34.1344,3.5121
34.1344,3.5121
32.5656,0.3156
32.5656,0.3156
34.7539,1.2592
32.5667,0.3333
30.2664,0.6939
34.7631,2.5922
32.5656,0.3156
32.9097,2.2350
32.6333,0.3333
33.7984,31.1316
31.2859,30.0771
31.2859,30.0771
32.2723,30.6043
34.2369,31.2878
34.2369,31.2878
34.2369,31.2878
31.2859,30.0771
34.2369,31.2878
34.2369,31.2878
31.2859,30.0771
31.1669,30.9761
33.7984,31.1316
31.1837,27.1810
31.3191,30.1310
31.1837,27.1810
32.2723,30.6043
31.5020,30.5877
31.1669,30.9761
29.9192,31.1981
32.2841,31.2565
31.0019,30.7885
30.8418,29.3099
29.9192,31.1981
31.0019,30.7885
31.5020,30.5877
31.2859,30.0771
33.7984,31.1316
34.2369,31.2878
32.5628,29.9314
31.7000,26.5500
32.2723,30.6043
32.6459,25.6965
30.4691,31.0392
31.2859,30.0771
31.3008,29.8414
31.1669,30.9761
31.1669,30.9761
31.1669,30.9761
33.7984,31.1316
32.2723,30.6043
31.3177,30.1075
32.2723,30.6043
30.8417,27.7314
30.8417,27.7314
30.8417,27.7314
31.0833,31.5833
33.7984,31.1316
31.2859,30.0771
34.2369,31.2878
31.2859,30.0771
32.2723,30.6043
34.2881,27.8636
33.7984,31.1316
32.2723,30.6043
34.2369,31.2878
34.2369,31.2878
32.2723,30.6043
31.1837,27.1810
33.7984,31.1316
32.2723,30.6043
26.0000,23.4500
30.7503,28.1099
31.2859,30.0771
30.7101,28.3121
30.7101,28.3121
31.2859,30.0771
33.7984,31.1316
32.7267,26.1642
33.7984,31.1316
33.7984,31.1316
33.7984,31.1316
33.7984,31.1316
33.7984,31.1316
31.3115,30.1235
31.3115,30.1235
32.8994,24.0908
33.7984,31.1316
31.2859,30.0771
29.9192,31.1981
34.2369,31.2878
31.1837,27.1810
31.2859,30.0771
30.7503,28.1099
31.2859,30.0771
34.2369,31.2878
31.2859,30.0771
39.2833,-6.8167
39.2833,-6.8167
39.2833,-6.8167
39.2833,-6.8167
35.6667,-4.3333
39.2833,-6.8167
39.1000,-5.0667
32.6500,-2.6666
35.1667,-5.9666
34.3667,-1.3500
34.3667,-1.3500
34.3667,-1.3500
31.3088,-2.6319
31.0333,-5.1166
36.6833,-3.3666
34.3667,-1.3500
39.2833,-6.8167
30.6688,-4.6600
33.4333,-3.6666
39.2833,-6.8167
39.2833,-6.8167
32.0500,-3.5166
32.0500,-3.5166
29.6267,-4.8769
33.4333,-3.6666
34.5667,-1.4000
-4.7667,10.6333
-4.2979,11.1772
-4.2979,11.1772
-1.5247,12.3703
-1.5247,12.3703
-1.5247,12.3703
-3.2333,10.5333
-3.4167,10.2500
-3.4167,10.2500
-3.2667,10.7667
-3.4167,10.8333
-3.4167,10.8333
28.2667,-12.5500
32.7667,-9.3333
32.7667,-9.3333
32.7667,-9.3333
32.7667,-9.3333
28.3333,-15.4000
28.3333,-15.4000
28.3333,-15.4000
28.3333,-15.4000
28.3333,-15.4000
28.3333,-15.4000
28.2833,-15.4166
27.8500,-12.5333
27.8500,-12.5333
28.2833,-15.4166
28.2833,-15.4166
28.2833,-15.4166
28.2000,-12.8200
28.2000,-12.8200
28.3333,-15.4500
28.3333,-15.4500
28.6333,-12.9666
28.6333,-12.9666
